,Total Confirmed,Total Deaths,Total Recovered,Total Recovered_Est,Total Active_Est,Total Active,Daily New Confirmed,Daily New Deaths,Daily New Recovered,Daily New Recovered_Est,Daily New Active_Est,Daily New Active,Total Mortality_Rate,Total Recovery_Rate,Total Activity_Rate,Change in Mortality_Rate,Change in Recovery_Rate,Change in Activity_Rate
2020-01-22,0,0,0,0,0,0,0,0,0,0,0,0,0.0,0.0,0.0,0.0,0.0,0.0
2020-01-23,0,0,0,0,0,0,0,0,0,0,0,0,0.0,0.0,0.0,0.0,0.0,0.0
2020-01-24,0,0,0,0,0,0,0,0,0,0,0,0,0.0,0.0,0.0,0.0,0.0,0.0
2020-01-25,0,0,0,0,0,0,0,0,0,0,0,0,0.0,0.0,0.0,0.0,0.0,0.0
2020-01-26,0,0,0,0,0,0,0,0,0,0,0,0,0.0,0.0,0.0,0.0,0.0,0.0
2020-01-27,0,0,0,0,0,0,0,0,0,0,0,0,0.0,0.0,0.0,0.0,0.0,0.0
2020-01-28,0,0,0,0,0,0,0,0,0,0,0,0,0.0,0.0,0.0,0.0,0.0,0.0
2020-01-29,0,0,0,0,0,0,0,0,0,0,0,0,0.0,0.0,0.0,0.0,0.0,0.0
2020-01-30,0,0,0,0,0,0,0,0,0,0,0,0,0.0,0.0,0.0,0.0,0.0,0.0
2020-01-31,2,0,0,0,2,2,2,0,0,0,2,2,0.0,0.0,100.0,0.0,0.0,100.0
2020-02-01,2,0,0,0,2,2,0,0,0,0,0,0,0.0,0.0,100.0,0.0,0.0,0.0
2020-02-02,2,0,0,0,2,2,0,0,0,0,0,0,0.0,0.0,100.0,0.0,0.0,0.0
2020-02-03,2,0,0,0,2,2,0,0,0,0,0,0,0.0,0.0,100.0,0.0,0.0,0.0
2020-02-04,2,0,0,0,2,2,0,0,0,0,0,0,0.0,0.0,100.0,0.0,0.0,0.0
2020-02-05,2,0,0,0,2,2,0,0,0,0,0,0,0.0,0.0,100.0,0.0,0.0,0.0
2020-02-06,2,0,0,0,2,2,0,0,0,0,0,0,0.0,0.0,100.0,0.0,0.0,0.0
2020-02-07,3,0,0,0,3,3,1,0,0,0,1,1,0.0,0.0,100.0,0.0,0.0,0.0
2020-02-08,3,0,0,0,3,3,0,0,0,0,0,0,0.0,0.0,100.0,0.0,0.0,0.0
2020-02-09,3,0,0,0,3,3,0,0,0,0,0,0,0.0,0.0,100.0,0.0,0.0,0.0
2020-02-10,8,0,0,0,8,8,5,0,0,0,5,5,0.0,0.0,100.0,0.0,0.0,0.0
2020-02-11,8,0,0,0,8,8,0,0,0,0,0,0,0.0,0.0,100.0,0.0,0.0,0.0
2020-02-12,9,0,1,0,9,8,1,0,1,0,1,0,0.0,11.11,88.89,0.0,11.11,-11.11
2020-02-13,9,0,1,0,9,8,0,0,0,0,0,0,0.0,11.11,88.89,0.0,0.0,0.0
2020-02-14,9,0,1,0,9,8,0,0,0,0,0,0,0.0,11.11,88.89,0.0,0.0,0.0
2020-02-15,9,0,1,0,9,8,0,0,0,0,0,0,0.0,11.11,88.89,0.0,0.0,0.0
2020-02-16,9,0,8,0,9,1,0,0,7,0,0,-7,0.0,88.89,11.11,0.0,77.78,-77.78
2020-02-17,9,0,8,0,9,1,0,0,0,0,0,0,0.0,88.89,11.11,0.0,0.0,0.0
2020-02-18,9,0,8,0,9,1,0,0,0,0,0,0,0.0,88.89,11.11,0.0,0.0,0.0
2020-02-19,9,0,8,0,9,1,0,0,0,0,0,0,0.0,88.89,11.11,0.0,0.0,0.0
2020-02-20,9,0,8,0,9,1,0,0,0,0,0,0,0.0,88.89,11.11,0.0,0.0,0.0
2020-02-21,9,0,8,0,9,1,0,0,0,0,0,0,0.0,88.89,11.11,0.0,0.0,0.0
2020-02-22,9,0,8,0,9,1,0,0,0,0,0,0,0.0,88.89,11.11,0.0,0.0,0.0
2020-02-23,9,0,8,0,9,1,0,0,0,0,0,0,0.0,88.89,11.11,0.0,0.0,0.0
2020-02-24,13,0,8,0,13,5,4,0,0,0,4,4,0.0,61.54,38.46,0.0,-27.35,27.35
2020-02-25,13,0,8,0,13,5,0,0,0,0,0,0,0.0,61.54,38.46,0.0,0.0,0.0
2020-02-26,13,0,8,0,13,5,0,0,0,0,0,0,0.0,61.54,38.46,0.0,0.0,0.0
2020-02-27,15,0,8,0,15,7,2,0,0,0,2,2,0.0,53.33,46.67,0.0,-8.21,8.21
2020-02-28,20,0,8,1,19,12,5,0,0,1,4,5,0.0,40.0,60.0,0.0,-13.32,13.32
2020-02-29,23,0,8,2,21,15,3,0,0,1,2,3,0.0,34.78,65.22,0.0,-5.21,5.21
2020-03-01,36,0,8,3,33,28,13,0,0,1,12,13,0.0,22.22,77.78,0.0,-12.56,12.56
2020-03-02,40,0,8,4,36,32,4,0,0,1,3,4,0.0,20.0,80.0,0.0,-2.21,2.21
2020-03-03,51,0,8,6,45,43,11,0,0,2,9,11,0.0,15.69,84.31,0.0,-4.31,4.31
2020-03-04,86,0,8,9,77,78,35,0,0,3,32,35,0.0,9.3,90.7,0.0,-6.38,6.39
2020-03-05,116,1,8,12,103,107,30,1,0,3,26,29,0.86,6.9,92.24,0.86,-2.4,1.53
2020-03-06,164,2,8,16,146,154,48,1,0,4,43,47,1.22,4.88,93.9,0.36,-2.02,1.66
2020-03-07,207,2,18,21,184,187,43,0,10,5,38,33,0.97,8.7,90.34,-0.25,3.81,-3.56
2020-03-08,274,3,18,28,243,253,67,1,0,7,59,66,1.09,6.57,92.34,0.12,-2.12,2.0
2020-03-09,322,4,18,36,282,300,48,1,0,8,39,47,1.24,5.59,93.17,0.14,-0.98,0.82
2020-03-10,384,6,19,46,332,359,62,2,1,10,50,59,1.56,4.95,93.49,0.32,-0.63,0.31
2020-03-11,459,8,19,59,392,432,75,2,0,13,60,73,1.74,4.14,94.12,0.17,-0.81,0.63
2020-03-12,459,8,19,75,376,432,0,0,0,16,-16,0,1.74,4.14,94.12,0.0,0.0,0.0
2020-03-13,802,8,19,95,699,775,343,0,0,20,323,343,1.0,2.37,96.63,-0.74,-1.76,2.5
2020-03-14,1144,21,19,119,1004,1104,342,13,0,24,305,329,1.84,1.66,96.5,0.84,-0.71,-0.12
2020-03-15,1145,21,19,149,975,1105,1,0,0,30,-29,1,1.83,1.66,96.51,-0.01,0.0,0.01
2020-03-16,1551,56,21,185,1310,1474,406,35,2,36,335,369,3.61,1.35,95.04,1.77,-0.3,-1.46
2020-03-17,1960,56,53,228,1676,1851,409,0,32,43,366,377,2.86,2.7,94.44,-0.75,1.35,-0.6
2020-03-18,2642,72,67,280,2290,2503,682,16,14,52,614,652,2.73,2.54,94.74,-0.12,-0.16,0.29
2020-03-19,2716,138,67,342,2236,2511,74,66,0,62,-54,8,5.08,2.47,92.45,2.35,-0.06,-2.28
2020-03-20,4014,178,67,416,3420,3769,1298,40,0,74,1184,1258,4.43,1.67,93.9,-0.65,-0.8,1.45
2020-03-21,5067,234,67,504,4329,4766,1053,56,0,88,909,997,4.62,1.32,94.06,0.19,-0.34,0.15
2020-03-22,5745,282,67,608,4855,5396,678,48,0,104,526,630,4.91,1.17,93.93,0.29,-0.15,-0.12
2020-03-23,6726,336,67,730,5660,6323,981,54,0,122,805,927,5.0,1.0,94.01,0.08,-0.16,0.07
2020-03-24,8164,423,140,873,6868,7601,1438,87,73,143,1208,1278,5.18,1.71,93.1,0.17,0.71,-0.91
2020-03-25,9640,466,140,1040,8134,9034,1476,43,0,167,1266,1433,4.83,1.45,93.71,-0.34,-0.26,0.6
2020-03-26,11812,580,150,1235,9997,11082,2172,114,10,195,1863,2048,4.91,1.27,93.82,0.08,-0.17,0.1
2020-03-27,14745,761,151,1461,12523,13833,2933,181,1,226,2526,2751,5.16,1.02,93.81,0.25,-0.25,0.0
2020-03-28,17312,1021,151,1722,14569,16140,2567,260,0,261,2046,2307,5.9,0.87,93.23,0.74,-0.15,-0.57
2020-03-29,19780,1231,151,2022,16527,18398,2468,210,0,300,1958,2258,6.22,0.76,93.01,0.31,-0.1,-0.21
2020-03-30,22453,1411,171,2365,18677,20871,2673,180,20,343,2150,2473,6.28,0.76,92.95,0.06,0.0,-0.06
2020-03-31,25481,1793,179,2758,20930,23509,3028,382,8,393,2253,2638,7.04,0.7,92.26,0.75,-0.06,-0.68
2020-04-01,29865,2357,179,3206,24302,27329,4384,564,0,448,3372,3820,7.89,0.6,91.51,0.84,-0.09,-0.75
2020-04-02,34173,2926,192,3713,27534,31055,4308,569,13,507,3232,3726,8.56,0.56,90.88,0.67,-0.03,-0.63
2020-04-03,38689,3611,208,4286,30792,34870,4516,685,16,573,3258,3815,9.33,0.54,90.13,0.76,-0.02,-0.75
2020-04-04,42477,4320,215,4929,33228,37942,3788,709,7,643,2436,3072,10.17,0.51,89.32,0.83,-0.03,-0.81
2020-04-05,48436,4943,229,5648,37845,43264,5959,623,14,719,4617,5322,10.21,0.47,89.32,0.04,-0.04,0.0
2020-04-06,52279,5385,287,6450,40444,46607,3843,442,58,802,2599,3343,10.3,0.55,89.15,0.08,0.08,-0.16
2020-04-07,55949,6171,325,7341,42437,49453,3670,786,38,891,1993,2846,11.03,0.58,88.39,0.72,0.02,-0.76
2020-04-08,61474,7111,345,8327,46036,54018,5525,940,20,986,3599,4565,11.57,0.56,87.87,0.54,-0.01,-0.51
2020-04-09,65872,7993,359,9413,48466,57520,4398,882,14,1086,2430,3502,12.13,0.54,87.32,0.56,-0.02,-0.55
2020-04-10,74605,8974,588,10606,55025,65043,8733,981,229,1193,6559,7523,12.03,0.79,87.18,-0.1,0.25,-0.13
2020-04-11,79874,9892,622,11911,58071,69360,5269,918,34,1305,3046,4317,12.38,0.78,86.84,0.35,-0.01,-0.34
2020-04-12,85206,10629,626,13332,61245,73951,5332,737,4,1421,3174,4591,12.47,0.73,86.79,0.08,-0.05,-0.04
2020-04-13,89570,11347,304,14875,63348,77919,4364,718,-322,1543,2103,3968,12.67,0.34,86.99,0.19,-0.38,0.19
2020-04-14,94845,12129,323,16544,66172,82393,5275,782,19,1669,2824,4474,12.79,0.34,86.87,0.11,0.0,-0.11
2020-04-15,99483,12894,368,18340,68249,86221,4638,765,45,1796,2077,3828,12.96,0.37,86.67,0.17,0.02,-0.2
2020-04-16,104145,13759,375,20266,70120,90011,4662,865,7,1926,1871,3790,13.21,0.36,86.43,0.25,-0.01,-0.23
2020-04-17,109769,14607,394,22322,72840,94768,5624,848,19,2056,2720,4757,13.31,0.36,86.33,0.09,0.0,-0.1
2020-04-18,115314,15498,414,24507,75309,99402,5545,891,20,2185,2469,4634,13.44,0.36,86.2,0.12,0.0,-0.12
2020-04-19,121172,16095,436,26822,78255,104641,5858,597,22,2315,2946,5239,13.28,0.36,86.36,-0.16,0.0,0.15
2020-04-20,121173,16095,437,29263,75815,104641,1,0,1,2441,-2440,0,13.28,0.36,86.36,0.0,0.0,0.0
