,Total Confirmed,Total Deaths,Total Recovered,Total Recovered_Est,Total Active_Est,Total Active,Daily New Confirmed,Daily New Deaths,Daily New Recovered,Daily New Recovered_Est,Daily New Active_Est,Daily New Active,Total Mortality_Rate,Total Recovery_Rate,Total Activity_Rate,Change in Mortality_Rate,Change in Recovery_Rate,Change in Activity_Rate
2020-01-22,0,0,0,0,0,0,0,0,0,0,0,0,0.0,0.0,0.0,0.0,0.0,0.0
2020-01-23,0,0,0,0,0,0,0,0,0,0,0,0,0.0,0.0,0.0,0.0,0.0,0.0
2020-01-24,0,0,0,0,0,0,0,0,0,0,0,0,0.0,0.0,0.0,0.0,0.0,0.0
2020-01-25,0,0,0,0,0,0,0,0,0,0,0,0,0.0,0.0,0.0,0.0,0.0,0.0
2020-01-26,0,0,0,0,0,0,0,0,0,0,0,0,0.0,0.0,0.0,0.0,0.0,0.0
2020-01-27,0,0,0,0,0,0,0,0,0,0,0,0,0.0,0.0,0.0,0.0,0.0,0.0
2020-01-28,0,0,0,0,0,0,0,0,0,0,0,0,0.0,0.0,0.0,0.0,0.0,0.0
2020-01-29,0,0,0,0,0,0,0,0,0,0,0,0,0.0,0.0,0.0,0.0,0.0,0.0
2020-01-30,0,0,0,0,0,0,0,0,0,0,0,0,0.0,0.0,0.0,0.0,0.0,0.0
2020-01-31,0,0,0,0,0,0,0,0,0,0,0,0,0.0,0.0,0.0,0.0,0.0,0.0
2020-02-01,1,0,0,0,1,1,1,0,0,0,1,1,0.0,0.0,100.0,0.0,0.0,100.0
2020-02-02,1,0,0,0,1,1,0,0,0,0,0,0,0.0,0.0,100.0,0.0,0.0,0.0
2020-02-03,1,0,0,0,1,1,0,0,0,0,0,0,0.0,0.0,100.0,0.0,0.0,0.0
2020-02-04,1,0,0,0,1,1,0,0,0,0,0,0,0.0,0.0,100.0,0.0,0.0,0.0
2020-02-05,1,0,0,0,1,1,0,0,0,0,0,0,0.0,0.0,100.0,0.0,0.0,0.0
2020-02-06,1,0,0,0,1,1,0,0,0,0,0,0,0.0,0.0,100.0,0.0,0.0,0.0
2020-02-07,1,0,0,0,1,1,0,0,0,0,0,0,0.0,0.0,100.0,0.0,0.0,0.0
2020-02-08,1,0,0,0,1,1,0,0,0,0,0,0,0.0,0.0,100.0,0.0,0.0,0.0
2020-02-09,2,0,0,0,2,2,1,0,0,0,1,1,0.0,0.0,100.0,0.0,0.0,0.0
2020-02-10,2,0,0,0,2,2,0,0,0,0,0,0,0.0,0.0,100.0,0.0,0.0,0.0
2020-02-11,2,0,0,0,2,2,0,0,0,0,0,0,0.0,0.0,100.0,0.0,0.0,0.0
2020-02-12,2,0,0,0,2,2,0,0,0,0,0,0,0.0,0.0,100.0,0.0,0.0,0.0
2020-02-13,2,0,0,0,2,2,0,0,0,0,0,0,0.0,0.0,100.0,0.0,0.0,0.0
2020-02-14,2,0,0,0,2,2,0,0,0,0,0,0,0.0,0.0,100.0,0.0,0.0,0.0
2020-02-15,2,0,2,0,2,0,0,0,2,0,0,-2,0.0,100.0,0.0,0.0,100.0,-100.0
2020-02-16,2,0,2,0,2,0,0,0,0,0,0,0,0.0,100.0,0.0,0.0,0.0,0.0
2020-02-17,2,0,2,0,2,0,0,0,0,0,0,0,0.0,100.0,0.0,0.0,0.0,0.0
2020-02-18,2,0,2,0,2,0,0,0,0,0,0,0,0.0,100.0,0.0,0.0,0.0,0.0
2020-02-19,2,0,2,0,2,0,0,0,0,0,0,0,0.0,100.0,0.0,0.0,0.0,0.0
2020-02-20,2,0,2,0,2,0,0,0,0,0,0,0,0.0,100.0,0.0,0.0,0.0,0.0
2020-02-21,2,0,2,0,2,0,0,0,0,0,0,0,0.0,100.0,0.0,0.0,0.0,0.0
2020-02-22,2,0,2,0,2,0,0,0,0,0,0,0,0.0,100.0,0.0,0.0,0.0,0.0
2020-02-23,2,0,2,0,2,0,0,0,0,0,0,0,0.0,100.0,0.0,0.0,0.0,0.0
2020-02-24,2,0,2,0,2,0,0,0,0,0,0,0,0.0,100.0,0.0,0.0,0.0,0.0
2020-02-25,6,0,2,1,5,4,4,0,0,1,3,4,0.0,33.33,66.67,0.0,-66.67,66.67
2020-02-26,13,0,2,2,11,11,7,0,0,1,6,7,0.0,15.38,84.62,0.0,-17.94,17.95
2020-02-27,15,0,2,4,11,13,2,0,0,2,0,2,0.0,13.33,86.67,0.0,-2.05,2.04
2020-02-28,32,0,2,7,25,30,17,0,0,3,14,17,0.0,6.25,93.75,0.0,-7.08,7.07
2020-02-29,45,0,2,11,34,43,13,0,0,4,9,13,0.0,4.44,95.56,0.0,-1.8,1.81
2020-03-01,84,0,2,17,67,82,39,0,0,6,33,39,0.0,2.38,97.62,0.0,-2.06,2.06
2020-03-02,120,0,2,25,95,118,36,0,0,8,28,36,0.0,1.67,98.33,0.0,-0.71,0.7
2020-03-03,165,1,2,35,129,162,45,1,0,10,34,44,0.61,1.21,98.18,0.61,-0.46,-0.14
2020-03-04,222,2,2,48,172,218,57,1,0,13,43,56,0.9,0.9,98.2,0.29,-0.3,0.01
2020-03-05,259,3,2,65,191,254,37,1,0,17,19,36,1.16,0.77,98.07,0.25,-0.13,-0.13
2020-03-06,400,5,2,87,308,393,141,2,0,22,117,139,1.25,0.5,98.25,0.09,-0.27,0.18
2020-03-07,500,10,30,114,376,460,100,5,28,27,68,67,2.0,6.0,92.0,0.75,5.5,-6.25
2020-03-08,673,17,30,149,507,626,173,7,0,35,131,166,2.53,4.46,93.02,0.52,-1.54,1.01
2020-03-09,1073,28,32,192,853,1013,400,11,2,43,346,387,2.61,2.98,94.41,0.08,-1.48,1.39
2020-03-10,1695,35,32,246,1414,1628,622,7,0,54,561,615,2.06,1.89,96.05,-0.54,-1.09,1.64
2020-03-11,2277,54,183,313,1910,2040,582,19,151,67,496,412,2.37,8.04,89.59,0.31,6.15,-6.45
2020-03-12,2277,55,183,395,1827,2039,0,1,0,82,-83,-1,2.42,8.04,89.55,0.04,0.0,-0.04
2020-03-13,5232,133,193,494,4605,4906,2955,78,10,99,2778,2867,2.54,3.69,93.77,0.12,-4.34,4.21
2020-03-14,6391,195,517,614,5582,5679,1159,62,324,120,977,773,3.05,8.09,88.86,0.5,4.4,-4.9
2020-03-15,7798,289,517,758,6751,6992,1407,94,0,144,1169,1313,3.71,6.63,89.66,0.66,-1.46,0.79
2020-03-16,9942,342,530,930,8670,9070,2144,53,13,172,1919,2078,3.44,5.33,91.23,-0.27,-1.29,1.57
2020-03-17,11748,533,1028,1135,10080,10187,1806,191,498,205,1410,1117,4.54,8.75,86.71,1.1,3.42,-4.52
2020-03-18,13910,623,1081,1377,11910,12206,2162,90,53,242,1830,2019,4.48,7.77,87.75,-0.05,-0.98,1.04
2020-03-19,17963,830,1107,1662,15471,16026,4053,207,26,285,3561,3820,4.62,6.16,89.22,0.13,-1.6,1.46
2020-03-20,20410,1043,1588,1996,17371,17779,2447,213,481,334,1900,1753,5.11,7.78,87.11,0.49,1.62,-2.1
2020-03-21,25374,1375,2125,2386,21613,21874,4964,332,537,390,4242,4095,5.42,8.37,86.21,0.3,0.58,-0.9
2020-03-22,28768,1772,2575,2838,24158,24421,3394,397,450,452,2545,2547,6.16,8.95,84.89,0.74,0.58,-1.31
2020-03-23,35136,2311,2575,3361,29464,30250,6368,539,0,523,5306,5829,6.58,7.33,86.09,0.41,-1.61,1.2
2020-03-24,39885,2808,3794,3962,33115,33283,4749,497,1219,601,3651,3033,7.04,9.51,83.45,0.46,2.17,-2.64
2020-03-25,49515,3647,5367,4650,41218,40501,9630,839,1573,688,8103,7218,7.37,10.84,81.8,0.33,1.33,-1.65
2020-03-26,57786,4365,7015,5434,47987,46406,8271,718,1648,784,6769,5905,7.55,12.14,80.31,0.17,1.3,-1.48
2020-03-27,65719,5138,9357,6324,54257,51224,7933,773,2342,890,6270,4818,7.82,14.24,77.94,0.27,2.09,-2.37
2020-03-28,73235,5982,12285,7329,59924,54968,7516,844,2928,1005,5667,3744,8.17,16.77,75.06,0.34,2.52,-2.87
2020-03-29,80110,6803,14709,8459,64848,58598,6875,821,2424,1130,4924,3630,8.49,18.36,73.15,0.32,1.59,-1.9
2020-03-30,87956,7716,16780,9724,70516,63460,7846,913,2071,1265,5668,4862,8.77,19.08,72.15,0.27,0.71,-1.0
2020-03-31,95923,8464,19259,11134,76325,68200,7967,748,2479,1410,5809,4740,8.82,20.08,71.1,0.05,1.0,-1.05
2020-04-01,104118,9387,22647,12698,82033,72084,8195,923,3388,1564,5708,3884,9.02,21.75,69.23,0.19,1.67,-1.86
2020-04-02,112065,10348,26743,14426,87291,74974,7947,961,4096,1728,5258,2890,9.23,23.86,66.9,0.21,2.1,-2.32
2020-04-03,119199,11198,30513,16326,91675,77488,7134,850,3770,1900,4384,2514,9.39,25.6,65.01,0.16,1.74,-1.89
2020-04-04,126168,11947,34219,18406,95815,80002,6969,749,3706,2080,4140,2514,9.47,27.12,63.41,0.08,1.51,-1.6
2020-04-05,131646,12641,38080,20672,98333,80925,5478,694,3861,2266,2518,923,9.6,28.93,61.47,0.12,1.8,-1.93
2020-04-06,136675,13341,40437,23129,100205,82897,5029,700,2357,2457,1872,1972,9.76,29.59,60.65,0.16,0.66,-0.82
2020-04-07,141942,14045,43208,25783,102114,84689,5267,704,2771,2654,1909,1792,9.89,30.44,59.66,0.13,0.85,-0.99
2020-04-08,148220,14792,48021,28635,104793,85407,6278,747,4813,2852,2679,718,9.98,32.4,57.62,0.08,1.95,-2.03
2020-04-09,153222,15447,52165,31688,106087,85610,5002,655,4144,3053,1294,203,10.08,34.05,55.87,0.09,1.64,-1.75
2020-04-10,158273,16081,55668,34941,107251,86524,5051,634,3503,3253,1164,914,10.16,35.17,54.67,0.08,1.12,-1.19
2020-04-11,163027,16606,59109,38393,108028,87312,4754,525,3441,3452,777,788,10.19,36.26,53.56,0.02,1.08,-1.1
2020-04-12,166831,17209,62391,42039,107583,87231,3804,603,3282,3646,-445,-81,10.32,37.4,52.29,0.13,1.14,-1.27
2020-04-13,170099,17756,64727,45874,106469,87616,3268,547,2336,3835,-1114,385,10.44,38.05,51.51,0.11,0.64,-0.78
2020-04-14,172541,18056,67504,49892,104593,86981,2442,300,2777,4018,-1876,-635,10.46,39.12,50.41,0.02,1.07,-1.1
2020-04-15,177644,18708,70853,54081,104855,88083,5103,652,3349,4189,262,1102,10.53,39.88,49.58,0.06,0.76,-0.82
2020-04-16,184948,19315,74797,58431,107202,90836,7304,607,3944,4350,2347,2753,10.44,40.44,49.11,-0.08,0.55,-0.46
2020-04-17,190839,20002,74797,62930,107907,96040,5891,687,0,4499,705,5204,10.48,39.19,50.33,0.04,-1.25,1.21
2020-04-18,191726,20043,74797,67562,104121,96886,887,41,0,4632,-3786,846,10.45,39.01,50.53,-0.03,-0.17,0.2
2020-04-19,198674,20453,77357,72313,105908,100864,6948,410,2560,4751,1787,3978,10.29,38.94,50.77,-0.16,-0.07,0.24
2020-04-20,198674,20453,77357,77165,101056,100864,0,0,0,4852,-4852,0,10.29,38.94,50.77,0.0,0.0,0.0
