,Total Confirmed,Total Deaths,Total Recovered,Total Recovered_Est,Total Active_Est,Total Active,Daily New Confirmed,Daily New Deaths,Daily New Recovered,Daily New Recovered_Est,Daily New Active_Est,Daily New Active,Total Mortality_Rate,Total Recovery_Rate,Total Activity_Rate,Change in Mortality_Rate,Change in Recovery_Rate,Change in Activity_Rate
2020-01-22,0,0,0,0,0,0,0,0,0,0,0,0,0.0,0.0,0.0,0.0,0.0,0.0
2020-01-23,0,0,0,0,0,0,0,0,0,0,0,0,0.0,0.0,0.0,0.0,0.0,0.0
2020-01-24,0,0,0,0,0,0,0,0,0,0,0,0,0.0,0.0,0.0,0.0,0.0,0.0
2020-01-25,0,0,0,0,0,0,0,0,0,0,0,0,0.0,0.0,0.0,0.0,0.0,0.0
2020-01-26,0,0,0,0,0,0,0,0,0,0,0,0,0.0,0.0,0.0,0.0,0.0,0.0
2020-01-27,0,0,0,0,0,0,0,0,0,0,0,0,0.0,0.0,0.0,0.0,0.0,0.0
2020-01-28,0,0,0,0,0,0,0,0,0,0,0,0,0.0,0.0,0.0,0.0,0.0,0.0
2020-01-29,0,0,0,0,0,0,0,0,0,0,0,0,0.0,0.0,0.0,0.0,0.0,0.0
2020-01-30,0,0,0,0,0,0,0,0,0,0,0,0,0.0,0.0,0.0,0.0,0.0,0.0
2020-01-31,0,0,0,0,0,0,0,0,0,0,0,0,0.0,0.0,0.0,0.0,0.0,0.0
2020-02-01,0,0,0,0,0,0,0,0,0,0,0,0,0.0,0.0,0.0,0.0,0.0,0.0
2020-02-02,0,0,0,0,0,0,0,0,0,0,0,0,0.0,0.0,0.0,0.0,0.0,0.0
2020-02-03,0,0,0,0,0,0,0,0,0,0,0,0,0.0,0.0,0.0,0.0,0.0,0.0
2020-02-04,0,0,0,0,0,0,0,0,0,0,0,0,0.0,0.0,0.0,0.0,0.0,0.0
2020-02-05,0,0,0,0,0,0,0,0,0,0,0,0,0.0,0.0,0.0,0.0,0.0,0.0
2020-02-06,0,0,0,0,0,0,0,0,0,0,0,0,0.0,0.0,0.0,0.0,0.0,0.0
2020-02-07,0,0,0,0,0,0,0,0,0,0,0,0,0.0,0.0,0.0,0.0,0.0,0.0
2020-02-08,0,0,0,0,0,0,0,0,0,0,0,0,0.0,0.0,0.0,0.0,0.0,0.0
2020-02-09,0,0,0,0,0,0,0,0,0,0,0,0,0.0,0.0,0.0,0.0,0.0,0.0
2020-02-10,0,0,0,0,0,0,0,0,0,0,0,0,0.0,0.0,0.0,0.0,0.0,0.0
2020-02-11,0,0,0,0,0,0,0,0,0,0,0,0,0.0,0.0,0.0,0.0,0.0,0.0
2020-02-12,0,0,0,0,0,0,0,0,0,0,0,0,0.0,0.0,0.0,0.0,0.0,0.0
2020-02-13,0,0,0,0,0,0,0,0,0,0,0,0,0.0,0.0,0.0,0.0,0.0,0.0
2020-02-14,0,0,0,0,0,0,0,0,0,0,0,0,0.0,0.0,0.0,0.0,0.0,0.0
2020-02-15,0,0,0,0,0,0,0,0,0,0,0,0,0.0,0.0,0.0,0.0,0.0,0.0
2020-02-16,0,0,0,0,0,0,0,0,0,0,0,0,0.0,0.0,0.0,0.0,0.0,0.0
2020-02-17,0,0,0,0,0,0,0,0,0,0,0,0,0.0,0.0,0.0,0.0,0.0,0.0
2020-02-18,0,0,0,0,0,0,0,0,0,0,0,0,0.0,0.0,0.0,0.0,0.0,0.0
2020-02-19,0,0,0,0,0,0,0,0,0,0,0,0,0.0,0.0,0.0,0.0,0.0,0.0
2020-02-20,0,0,0,0,0,0,0,0,0,0,0,0,0.0,0.0,0.0,0.0,0.0,0.0
2020-02-21,0,0,0,0,0,0,0,0,0,0,0,0,0.0,0.0,0.0,0.0,0.0,0.0
2020-02-22,0,0,0,0,0,0,0,0,0,0,0,0,0.0,0.0,0.0,0.0,0.0,0.0
2020-02-23,0,0,0,0,0,0,0,0,0,0,0,0,0.0,0.0,0.0,0.0,0.0,0.0
2020-02-24,0,0,0,0,0,0,0,0,0,0,0,0,0.0,0.0,0.0,0.0,0.0,0.0
2020-02-25,0,0,0,0,0,0,0,0,0,0,0,0,0.0,0.0,0.0,0.0,0.0,0.0
2020-02-26,0,0,0,0,0,0,0,0,0,0,0,0,0.0,0.0,0.0,0.0,0.0,0.0
2020-02-27,1,0,0,0,1,1,1,0,0,0,1,1,0.0,0.0,100.0,0.0,0.0,100.0
2020-02-28,1,0,0,0,1,1,0,0,0,0,0,0,0.0,0.0,100.0,0.0,0.0,0.0
2020-02-29,1,0,0,0,1,1,0,0,0,0,0,0,0.0,0.0,100.0,0.0,0.0,0.0
2020-03-01,1,0,0,0,1,1,0,0,0,0,0,0,0.0,0.0,100.0,0.0,0.0,0.0
2020-03-02,8,0,0,0,8,8,7,0,0,0,7,7,0.0,0.0,100.0,0.0,0.0,0.0
2020-03-03,10,1,0,0,9,9,2,1,0,0,1,1,10.0,0.0,90.0,10.0,0.0,-10.0
2020-03-04,16,1,0,0,15,15,6,0,0,0,6,6,6.25,0.0,93.75,-3.75,0.0,3.75
2020-03-05,21,1,0,0,20,20,5,0,0,0,5,5,4.76,0.0,95.24,-1.49,0.0,1.48
2020-03-06,21,1,0,0,20,20,0,0,0,0,0,0,4.76,0.0,95.24,0.0,0.0,0.0
2020-03-07,23,1,0,0,22,22,2,0,0,0,2,2,4.35,0.0,95.65,-0.41,0.0,0.41
2020-03-08,36,1,0,0,35,35,13,0,0,0,13,13,2.78,0.0,97.22,-1.56,0.0,1.56
2020-03-09,36,1,0,0,35,35,0,0,0,0,0,0,2.78,0.0,97.22,0.0,0.0,0.0
2020-03-10,51,2,0,0,49,49,15,1,0,0,14,14,3.92,0.0,96.08,1.14,0.0,-1.14
2020-03-11,62,2,0,0,60,60,11,0,0,0,11,11,3.23,0.0,96.77,-0.69,0.0,0.68
2020-03-12,69,3,0,0,66,66,7,1,0,0,6,6,4.35,0.0,95.65,1.11,0.0,-1.11
2020-03-13,80,5,0,1,74,75,11,2,0,1,8,9,6.25,0.0,93.75,1.9,0.0,-1.9
2020-03-14,80,5,4,2,73,71,0,0,4,1,-1,-4,6.25,5.0,88.75,0.0,5.0,-5.0
2020-03-15,101,5,4,3,93,92,21,0,0,1,20,21,4.95,3.96,91.09,-1.29,-1.04,2.34
2020-03-16,109,7,4,4,98,98,8,2,0,1,5,6,6.42,3.67,89.91,1.46,-0.29,-1.18
2020-03-17,109,7,4,5,97,98,0,0,0,1,-1,0,6.42,3.67,89.91,0.0,0.0,0.0
2020-03-18,119,11,4,6,102,104,10,4,0,1,5,6,9.24,3.36,87.39,2.82,-0.31,-2.51
2020-03-19,119,11,4,8,100,104,0,0,0,2,-2,0,9.24,3.36,87.39,0.0,0.0,0.0
2020-03-20,144,14,4,10,120,126,25,3,0,2,20,22,9.72,2.78,87.5,0.48,-0.58,0.1
2020-03-21,144,20,4,12,112,120,0,6,0,2,-8,-6,13.89,2.78,83.33,4.17,0.0,-4.17
2020-03-22,175,20,4,14,141,151,31,0,0,2,29,31,11.43,2.29,86.29,-2.46,-0.48,2.96
2020-03-23,187,20,4,17,150,163,12,0,0,3,9,12,10.7,2.14,87.17,-0.73,-0.14,0.87
2020-03-24,187,21,4,20,146,162,0,1,0,3,-4,-1,11.23,2.14,86.63,0.53,0.0,-0.54
2020-03-25,208,21,4,23,164,183,21,0,0,3,18,21,10.1,1.92,87.98,-1.13,-0.22,1.35
2020-03-26,208,21,4,26,161,183,0,0,0,3,-3,0,10.1,1.92,87.98,0.0,0.0,0.0
2020-03-27,223,21,4,30,172,198,15,0,0,4,11,15,9.42,1.79,88.79,-0.67,-0.12,0.81
2020-03-28,224,22,6,34,168,196,1,1,2,4,-4,-2,9.82,2.68,87.5,0.4,0.89,-1.29
2020-03-29,224,22,6,38,164,196,0,0,0,4,-4,0,9.82,2.68,87.5,0.0,0.0,0.0
2020-03-30,230,25,13,43,162,192,6,3,7,5,-2,-4,10.87,5.65,83.48,1.04,2.97,-4.01
2020-03-31,236,26,13,48,162,197,6,1,0,5,0,5,11.02,5.51,83.47,0.15,-0.14,-0.01
2020-04-01,236,26,13,53,157,197,0,0,0,5,-5,0,11.02,5.51,83.47,0.0,0.0,0.0
2020-04-02,245,30,21,58,157,194,9,4,8,5,0,-3,12.24,8.57,79.18,1.22,3.06,-4.28
2020-04-03,245,30,21,64,151,194,0,0,0,6,-6,0,12.24,8.57,79.18,0.0,0.0,0.0
2020-04-04,259,32,27,70,157,200,14,2,6,6,6,6,12.36,10.42,77.22,0.11,1.84,-1.96
2020-04-05,266,32,35,76,158,199,7,0,8,6,1,-1,12.03,13.16,74.81,-0.33,2.74,-2.4
2020-04-06,266,32,35,82,152,199,0,0,0,6,-6,0,12.03,13.16,74.81,0.0,0.0,0.0
2020-04-07,279,34,40,89,156,205,13,2,5,7,4,6,12.19,14.34,73.48,0.16,1.17,-1.32
2020-04-08,279,34,40,96,149,205,0,0,0,7,-7,0,12.19,14.34,73.48,0.0,0.0,0.0
2020-04-09,333,34,49,103,196,250,54,0,9,7,47,45,10.21,14.71,75.08,-1.97,0.37,1.59
2020-04-10,344,34,50,110,200,260,11,0,1,7,4,10,9.88,14.53,75.58,-0.33,-0.18,0.5
2020-04-11,356,35,53,117,204,268,12,1,3,7,4,8,9.83,14.89,75.28,-0.05,0.36,-0.29
2020-04-12,356,35,53,124,197,268,0,0,0,7,-7,0,9.83,14.89,75.28,0.0,0.0,0.0
2020-04-13,356,35,53,132,189,268,0,0,0,8,-8,0,9.83,14.89,75.28,0.0,0.0,0.0
2020-04-14,371,36,53,140,195,282,15,1,0,8,6,14,9.7,14.29,76.01,-0.13,-0.6,0.73
2020-04-15,372,36,53,148,188,283,1,0,0,8,-7,1,9.68,14.25,76.08,-0.01,-0.03,0.06
2020-04-16,426,38,55,156,232,333,54,2,2,8,44,50,8.92,12.91,78.17,-0.75,-1.34,2.09
2020-04-17,435,39,57,164,232,339,9,1,2,8,0,6,8.97,13.1,77.93,0.05,0.18,-0.23
2020-04-18,455,39,60,172,244,356,20,0,3,8,12,17,8.57,13.19,78.24,-0.4,0.08,0.3
2020-04-19,461,39,60,180,242,362,6,0,0,8,-2,6,8.46,13.02,78.52,-0.1,-0.16,0.28
2020-04-20,461,39,60,188,234,362,0,0,0,8,-8,0,8.46,13.02,78.52,0.0,0.0,0.0
