,Total Confirmed,Total Deaths,Total Recovered,Total Recovered_Est,Total Active_Est,Total Active,Daily New Confirmed,Daily New Deaths,Daily New Recovered,Daily New Recovered_Est,Daily New Active_Est,Daily New Active,Total Mortality_Rate,Total Recovery_Rate,Total Activity_Rate,Change in Mortality_Rate,Change in Recovery_Rate,Change in Activity_Rate
2020-01-22,0,0,0,0,0,0,0,0,0,0,0,0,0.0,0.0,0.0,0.0,0.0,0.0
2020-01-23,0,0,0,0,0,0,0,0,0,0,0,0,0.0,0.0,0.0,0.0,0.0,0.0
2020-01-24,0,0,0,0,0,0,0,0,0,0,0,0,0.0,0.0,0.0,0.0,0.0,0.0
2020-01-25,0,0,0,0,0,0,0,0,0,0,0,0,0.0,0.0,0.0,0.0,0.0,0.0
2020-01-26,0,0,0,0,0,0,0,0,0,0,0,0,0.0,0.0,0.0,0.0,0.0,0.0
2020-01-27,0,0,0,0,0,0,0,0,0,0,0,0,0.0,0.0,0.0,0.0,0.0,0.0
2020-01-28,0,0,0,0,0,0,0,0,0,0,0,0,0.0,0.0,0.0,0.0,0.0,0.0
2020-01-29,0,0,0,0,0,0,0,0,0,0,0,0,0.0,0.0,0.0,0.0,0.0,0.0
2020-01-30,0,0,0,0,0,0,0,0,0,0,0,0,0.0,0.0,0.0,0.0,0.0,0.0
2020-01-31,2,0,0,0,2,2,2,0,0,0,2,2,0.0,0.0,100.0,0.0,0.0,100.0
2020-02-01,2,0,0,0,2,2,0,0,0,0,0,0,0.0,0.0,100.0,0.0,0.0,0.0
2020-02-02,2,0,0,0,2,2,0,0,0,0,0,0,0.0,0.0,100.0,0.0,0.0,0.0
2020-02-03,2,0,0,0,2,2,0,0,0,0,0,0,0.0,0.0,100.0,0.0,0.0,0.0
2020-02-04,2,0,0,0,2,2,0,0,0,0,0,0,0.0,0.0,100.0,0.0,0.0,0.0
2020-02-05,2,0,0,0,2,2,0,0,0,0,0,0,0.0,0.0,100.0,0.0,0.0,0.0
2020-02-06,2,0,0,0,2,2,0,0,0,0,0,0,0.0,0.0,100.0,0.0,0.0,0.0
2020-02-07,3,0,0,0,3,3,1,0,0,0,1,1,0.0,0.0,100.0,0.0,0.0,0.0
2020-02-08,3,0,0,0,3,3,0,0,0,0,0,0,0.0,0.0,100.0,0.0,0.0,0.0
2020-02-09,3,0,0,0,3,3,0,0,0,0,0,0,0.0,0.0,100.0,0.0,0.0,0.0
2020-02-10,3,0,0,0,3,3,0,0,0,0,0,0,0.0,0.0,100.0,0.0,0.0,0.0
2020-02-11,3,0,0,0,3,3,0,0,0,0,0,0,0.0,0.0,100.0,0.0,0.0,0.0
2020-02-12,3,0,0,0,3,3,0,0,0,0,0,0,0.0,0.0,100.0,0.0,0.0,0.0
2020-02-13,3,0,0,0,3,3,0,0,0,0,0,0,0.0,0.0,100.0,0.0,0.0,0.0
2020-02-14,3,0,0,0,3,3,0,0,0,0,0,0,0.0,0.0,100.0,0.0,0.0,0.0
2020-02-15,3,0,0,0,3,3,0,0,0,0,0,0,0.0,0.0,100.0,0.0,0.0,0.0
2020-02-16,3,0,0,1,2,3,0,0,0,1,-1,0,0.0,0.0,100.0,0.0,0.0,0.0
2020-02-17,3,0,0,2,1,3,0,0,0,1,-1,0,0.0,0.0,100.0,0.0,0.0,0.0
2020-02-18,3,0,0,4,-1,3,0,0,0,2,-2,0,0.0,0.0,100.0,0.0,0.0,0.0
2020-02-19,3,0,0,6,-3,3,0,0,0,2,-2,0,0.0,0.0,100.0,0.0,0.0,0.0
2020-02-20,3,0,0,9,-6,3,0,0,0,3,-3,0,0.0,0.0,100.0,0.0,0.0,0.0
2020-02-21,20,1,0,13,6,19,17,1,0,4,12,16,5.0,0.0,95.0,5.0,0.0,-5.0
2020-02-22,62,2,1,18,42,59,42,1,1,5,36,40,3.23,1.61,95.16,-1.77,1.61,0.15
2020-02-23,155,3,2,25,127,150,93,1,1,7,85,91,1.94,1.29,96.77,-1.29,-0.32,1.6
2020-02-24,229,7,1,34,188,221,74,4,-1,9,61,71,3.06,0.44,96.51,1.12,-0.85,-0.25
2020-02-25,322,10,1,46,266,311,93,3,0,12,78,90,3.11,0.31,96.58,0.04,-0.13,0.06
2020-02-26,453,12,3,61,380,438,131,2,2,15,114,127,2.65,0.66,96.69,-0.46,0.35,0.1
2020-02-27,655,17,45,79,559,593,202,5,42,18,179,155,2.6,6.87,90.53,-0.04,6.21,-6.15
2020-02-28,888,21,46,102,765,821,233,4,1,23,206,228,2.36,5.18,92.45,-0.24,-1.69,1.92
2020-02-29,1128,29,46,130,969,1053,240,8,0,28,204,232,2.57,4.08,93.35,0.2,-1.09,0.89
2020-03-01,1694,34,83,165,1495,1577,566,5,37,35,526,524,2.01,4.9,93.09,-0.56,0.82,-0.25
2020-03-02,2036,52,149,208,1776,1835,342,18,66,43,281,258,2.55,7.32,90.13,0.54,2.42,-2.96
2020-03-03,2502,79,160,260,2163,2263,466,27,11,52,387,428,3.16,6.39,90.45,0.61,-0.93,0.32
2020-03-04,3089,107,276,323,2659,2706,587,28,116,63,496,443,3.46,8.93,87.6,0.29,2.54,-2.85
2020-03-05,3858,148,414,399,3311,3296,769,41,138,76,652,590,3.84,10.73,85.43,0.37,1.8,-2.16
2020-03-06,4636,197,523,489,3950,3916,778,49,109,90,639,620,4.25,11.28,84.47,0.41,0.54,-0.96
2020-03-07,5883,233,589,596,5054,5061,1247,36,66,107,1104,1145,3.96,10.01,86.03,-0.29,-1.26,1.56
2020-03-08,7375,366,622,723,6286,6387,1492,133,33,127,1232,1326,4.96,8.43,86.6,1.0,-1.58,0.56
2020-03-09,9172,463,724,873,7836,7985,1797,97,102,150,1550,1598,5.05,7.89,87.06,0.08,-0.54,0.46
2020-03-10,10149,631,724,1049,8469,8794,977,168,0,176,633,809,6.22,7.13,86.65,1.17,-0.75,-0.4
2020-03-11,12462,827,1045,1255,10380,10590,2313,196,321,206,1911,1796,6.64,8.39,84.98,0.41,1.26,-1.67
2020-03-12,12462,827,1045,1494,10141,10590,0,0,0,239,-239,0,6.64,8.39,84.98,0.0,0.0,0.0
2020-03-13,17660,1266,1439,1771,14623,14955,5198,439,394,277,4482,4365,7.17,8.15,84.68,0.53,-0.24,-0.29
2020-03-14,21157,1441,1966,2091,17625,17750,3497,175,527,320,3002,2795,6.81,9.29,83.9,-0.36,1.13,-0.78
2020-03-15,24747,1809,2335,2459,20479,20603,3590,368,369,368,2854,2853,7.31,9.44,83.25,0.5,0.15,-0.65
2020-03-16,27980,2158,2749,2879,22943,23073,3233,349,414,420,2464,2470,7.71,9.82,82.46,0.4,0.38,-0.79
2020-03-17,31506,2503,2941,3358,25645,26062,3526,345,192,479,2702,2989,7.94,9.33,82.72,0.23,-0.49,0.26
2020-03-18,35713,2978,4025,3902,28833,28710,4207,475,1084,544,3188,2648,8.34,11.27,80.39,0.39,1.93,-2.32
2020-03-19,41035,3405,4440,4517,33113,33190,5322,427,415,615,4280,4480,8.3,10.82,80.88,-0.03,-0.44,0.48
2020-03-20,47021,4032,4440,5210,37779,38549,5986,627,0,693,4666,5359,8.57,9.44,81.98,0.26,-1.38,1.1
2020-03-21,53578,4825,6072,5987,42766,42681,6557,793,1632,777,4987,4132,9.01,11.33,79.66,0.43,1.89,-2.32
2020-03-22,59138,5476,7024,6855,46807,46638,5560,651,952,868,4041,3957,9.26,11.88,78.86,0.25,0.55,-0.79
2020-03-23,63927,6077,7024,7822,50028,50826,4789,601,0,967,3221,4188,9.51,10.99,79.51,0.25,-0.89,0.65
2020-03-24,69176,6820,8326,8894,53462,54030,5249,743,1302,1072,3434,3204,9.86,12.04,78.11,0.34,1.04,-1.4
2020-03-25,74386,7503,9362,10078,56805,57521,5210,683,1036,1184,3343,3491,10.09,12.59,77.33,0.23,0.55,-0.78
2020-03-26,80589,8215,10361,11380,60994,62013,6203,712,999,1302,4189,4492,10.19,12.86,76.95,0.09,0.26,-0.37
2020-03-27,86498,9134,10950,12807,64557,66414,5909,919,589,1427,3563,4401,10.56,12.66,76.78,0.37,-0.19,-0.17
2020-03-28,92472,10023,12384,14364,68085,70065,5974,889,1434,1557,3528,3651,10.84,13.39,75.77,0.27,0.73,-1.01
2020-03-29,97689,10779,13030,16056,70854,73880,5217,756,646,1692,2769,3815,11.03,13.34,75.63,0.18,-0.05,-0.14
2020-03-30,101739,11591,14620,17889,72259,75528,4050,812,1590,1833,1405,1648,11.39,14.37,74.24,0.36,1.02,-1.39
2020-03-31,105792,12428,15729,19866,73498,77635,4053,837,1109,1977,1239,2107,11.75,14.87,73.38,0.35,0.5,-0.85
2020-04-01,110574,13155,16847,21990,75429,80572,4782,727,1118,2124,1931,2937,11.9,15.24,72.87,0.15,0.37,-0.5
2020-04-02,115242,13915,18278,24264,77063,83049,4668,760,1431,2274,1634,2477,12.07,15.86,72.06,0.16,0.61,-0.81
2020-04-03,119827,14681,19758,26688,78458,85388,4585,766,1480,2424,1395,2339,12.25,16.49,71.26,0.17,0.62,-0.79
2020-04-04,124632,15362,20996,29262,80008,88274,4805,681,1238,2574,1550,2886,12.33,16.85,70.83,0.08,0.36,-0.43
2020-04-05,128948,15887,21815,31985,81076,91246,4316,525,819,2723,1068,2972,12.32,16.92,70.76,0.0,0.07,-0.06
2020-04-06,132547,16523,22837,34855,81169,93187,3599,636,1022,2870,93,1941,12.47,17.23,70.3,0.15,0.3,-0.46
2020-04-07,135586,17127,24392,37869,80590,94067,3039,604,1555,3014,-579,880,12.63,17.99,69.38,0.16,0.75,-0.92
2020-04-08,139422,17669,26491,41022,80731,95262,3836,542,2099,3153,141,1195,12.67,19.0,68.33,0.03,1.01,-1.04
2020-04-09,143626,18279,28470,44308,81039,96877,4204,610,1979,3286,308,1615,12.73,19.82,67.45,0.06,0.82,-0.87
2020-04-10,147577,18849,30455,47721,81007,98273,3951,570,1985,3413,-32,1396,12.77,20.64,66.59,0.03,0.82,-0.85
2020-04-11,152271,19468,32534,51253,81550,100269,4694,619,2079,3532,543,1996,12.79,21.37,65.85,0.01,0.73,-0.74
2020-04-12,156363,19899,34211,54895,81569,102253,4092,431,1677,3642,19,1984,12.73,21.88,65.39,-0.05,0.5,-0.45
2020-04-13,159516,20465,35435,58637,80414,103616,3153,566,1224,3742,-1155,1363,12.83,22.21,64.96,0.09,0.33,-0.43
2020-04-14,162488,21067,37130,62470,78951,104291,2972,602,1695,3833,-1463,675,12.97,22.85,64.18,0.14,0.64,-0.77
2020-04-15,165155,21645,38092,66382,77128,105418,2667,578,962,3912,-1823,1127,13.11,23.06,63.83,0.13,0.2,-0.35
2020-04-16,168941,22170,40164,70362,76409,106607,3786,525,2072,3980,-719,1189,13.12,23.77,63.1,0.0,0.71,-0.72
2020-04-17,172434,22745,42727,74397,75292,106962,3493,575,2563,4035,-1117,355,13.19,24.78,62.03,0.07,1.01,-1.07
2020-04-18,175925,23227,44927,78475,74223,107771,3491,482,2200,4078,-1069,809,13.2,25.54,61.26,0.0,0.75,-0.77
2020-04-19,178972,23660,47055,82583,72729,108257,3047,433,2128,4108,-1494,486,13.22,26.29,60.49,0.02,0.75,-0.76
2020-04-20,178972,23660,47055,86709,68603,108257,0,0,0,4126,-4126,0,13.22,26.29,60.49,0.0,0.0,0.0
