,Total Confirmed,Total Deaths,Total Recovered,Total Recovered_Est,Total Active_Est,Total Active,Daily New Confirmed,Daily New Deaths,Daily New Recovered,Daily New Recovered_Est,Daily New Active_Est,Daily New Active,Total Mortality_Rate,Total Recovery_Rate,Total Activity_Rate,Change in Mortality_Rate,Change in Recovery_Rate,Change in Activity_Rate
2020-01-22,0,0,0,0,0,0,0,0,0,0,0,0,0.0,0.0,0.0,0.0,0.0,0.0
2020-01-23,0,0,0,0,0,0,0,0,0,0,0,0,0.0,0.0,0.0,0.0,0.0,0.0
2020-01-24,0,0,0,0,0,0,0,0,0,0,0,0,0.0,0.0,0.0,0.0,0.0,0.0
2020-01-25,0,0,0,0,0,0,0,0,0,0,0,0,0.0,0.0,0.0,0.0,0.0,0.0
2020-01-26,0,0,0,0,0,0,0,0,0,0,0,0,0.0,0.0,0.0,0.0,0.0,0.0
2020-01-27,0,0,0,0,0,0,0,0,0,0,0,0,0.0,0.0,0.0,0.0,0.0,0.0
2020-01-28,0,0,0,0,0,0,0,0,0,0,0,0,0.0,0.0,0.0,0.0,0.0,0.0
2020-01-29,0,0,0,0,0,0,0,0,0,0,0,0,0.0,0.0,0.0,0.0,0.0,0.0
2020-01-30,1,0,0,0,1,1,1,0,0,0,1,1,0.0,0.0,100.0,0.0,0.0,100.0
2020-01-31,1,0,0,0,1,1,0,0,0,0,0,0,0.0,0.0,100.0,0.0,0.0,0.0
2020-02-01,1,0,0,0,1,1,0,0,0,0,0,0,0.0,0.0,100.0,0.0,0.0,0.0
2020-02-02,2,1,0,0,1,1,1,1,0,0,0,0,50.0,0.0,50.0,50.0,0.0,-50.0
2020-02-03,2,1,0,0,1,1,0,0,0,0,0,0,50.0,0.0,50.0,0.0,0.0,0.0
2020-02-04,2,1,0,0,1,1,0,0,0,0,0,0,50.0,0.0,50.0,0.0,0.0,0.0
2020-02-05,2,1,0,0,1,1,0,0,0,0,0,0,50.0,0.0,50.0,0.0,0.0,0.0
2020-02-06,2,1,0,0,1,1,0,0,0,0,0,0,50.0,0.0,50.0,0.0,0.0,0.0
2020-02-07,3,1,0,0,2,2,1,0,0,0,1,1,33.33,0.0,66.67,-16.67,0.0,16.67
2020-02-08,3,1,0,0,2,2,0,0,0,0,0,0,33.33,0.0,66.67,0.0,0.0,0.0
2020-02-09,3,1,0,0,2,2,0,0,0,0,0,0,33.33,0.0,66.67,0.0,0.0,0.0
2020-02-10,3,1,0,0,2,2,0,0,0,0,0,0,33.33,0.0,66.67,0.0,0.0,0.0
2020-02-11,3,1,0,0,2,2,0,0,0,0,0,0,33.33,0.0,66.67,0.0,0.0,0.0
2020-02-12,3,1,1,0,2,1,0,0,1,0,0,-1,33.33,33.33,33.33,0.0,33.33,-33.34
2020-02-13,3,1,1,0,2,1,0,0,0,0,0,0,33.33,33.33,33.33,0.0,0.0,0.0
2020-02-14,3,1,1,0,2,1,0,0,0,0,0,0,33.33,33.33,33.33,0.0,0.0,0.0
2020-02-15,3,1,1,0,2,1,0,0,0,0,0,0,33.33,33.33,33.33,0.0,0.0,0.0
2020-02-16,3,1,1,0,2,1,0,0,0,0,0,0,33.33,33.33,33.33,0.0,0.0,0.0
2020-02-17,3,1,1,0,2,1,0,0,0,0,0,0,33.33,33.33,33.33,0.0,0.0,0.0
2020-02-18,3,1,1,0,2,1,0,0,0,0,0,0,33.33,33.33,33.33,0.0,0.0,0.0
2020-02-19,3,1,1,0,2,1,0,0,0,0,0,0,33.33,33.33,33.33,0.0,0.0,0.0
2020-02-20,3,1,1,0,2,1,0,0,0,0,0,0,33.33,33.33,33.33,0.0,0.0,0.0
2020-02-21,3,1,1,0,2,1,0,0,0,0,0,0,33.33,33.33,33.33,0.0,0.0,0.0
2020-02-22,3,1,1,0,2,1,0,0,0,0,0,0,33.33,33.33,33.33,0.0,0.0,0.0
2020-02-23,3,1,1,0,2,1,0,0,0,0,0,0,33.33,33.33,33.33,0.0,0.0,0.0
2020-02-24,3,1,1,0,2,1,0,0,0,0,0,0,33.33,33.33,33.33,0.0,0.0,0.0
2020-02-25,3,1,1,0,2,1,0,0,0,0,0,0,33.33,33.33,33.33,0.0,0.0,0.0
2020-02-26,3,1,1,0,2,1,0,0,0,0,0,0,33.33,33.33,33.33,0.0,0.0,0.0
2020-02-27,3,1,1,0,2,1,0,0,0,0,0,0,33.33,33.33,33.33,0.0,0.0,0.0
2020-02-28,3,1,1,0,2,1,0,0,0,0,0,0,33.33,33.33,33.33,0.0,0.0,0.0
2020-02-29,3,1,1,0,2,1,0,0,0,0,0,0,33.33,33.33,33.33,0.0,0.0,0.0
2020-03-01,3,1,1,0,2,1,0,0,0,0,0,0,33.33,33.33,33.33,0.0,0.0,0.0
2020-03-02,3,1,1,0,2,1,0,0,0,0,0,0,33.33,33.33,33.33,0.0,0.0,0.0
2020-03-03,3,1,1,0,2,1,0,0,0,0,0,0,33.33,33.33,33.33,0.0,0.0,0.0
2020-03-04,3,1,1,0,2,1,0,0,0,0,0,0,33.33,33.33,33.33,0.0,0.0,0.0
2020-03-05,3,1,1,0,2,1,0,0,0,0,0,0,33.33,33.33,33.33,0.0,0.0,0.0
2020-03-06,5,1,1,0,4,3,2,0,0,0,2,2,20.0,20.0,60.0,-13.32,-13.32,26.67
2020-03-07,6,1,1,0,5,4,1,0,0,0,1,1,16.67,16.67,66.67,-3.32,-3.32,6.67
2020-03-08,10,1,1,0,9,8,4,0,0,0,4,4,10.0,10.0,80.0,-6.67,-6.67,13.32
2020-03-09,20,1,1,0,19,18,10,0,0,0,10,10,5.0,5.0,90.0,-5.0,-5.0,10.0
2020-03-10,33,1,2,0,32,30,13,0,1,0,13,12,3.03,6.06,90.91,-1.97,1.05,0.9
2020-03-11,49,1,2,0,48,46,16,0,0,0,16,16,2.04,4.08,93.88,-0.98,-1.97,2.96
2020-03-12,52,2,2,1,49,48,3,1,0,1,1,2,3.85,3.85,92.31,1.81,-0.23,-1.56
2020-03-13,64,5,2,2,57,57,12,3,0,1,8,9,7.81,3.12,89.06,3.95,-0.73,-3.25
2020-03-14,111,8,2,3,100,101,47,3,0,1,43,44,7.21,1.8,90.99,-0.59,-1.32,1.92
2020-03-15,140,11,2,5,124,127,29,3,0,2,24,26,7.86,1.43,90.71,0.65,-0.37,-0.28
2020-03-16,142,12,2,7,123,128,2,1,0,2,-1,1,8.45,1.41,90.14,0.58,-0.02,-0.56
2020-03-17,187,12,5,10,165,170,45,0,3,3,42,42,6.42,2.67,90.91,-2.02,1.26,0.76
2020-03-18,202,19,5,13,170,178,15,7,0,3,5,8,9.41,2.48,88.12,2.99,-0.18,-2.78
2020-03-19,217,17,8,17,183,192,15,-2,3,4,13,14,7.83,3.69,88.48,-1.58,1.21,0.35
2020-03-20,230,18,8,22,190,204,13,1,0,5,7,12,7.83,3.48,88.7,0.0,-0.2,0.21
2020-03-21,307,19,13,28,260,275,77,1,5,6,70,71,6.19,4.23,89.58,-1.63,0.75,0.87
2020-03-22,380,25,17,35,320,338,73,6,4,7,60,63,6.58,4.47,88.95,0.38,0.23,-0.62
2020-03-23,462,33,17,43,386,412,82,8,0,8,66,74,7.14,3.68,89.18,0.55,-0.78,0.23
2020-03-24,552,35,20,53,464,497,90,2,3,10,78,85,6.34,3.62,90.04,-0.79,-0.06,0.85
2020-03-25,636,38,26,64,534,572,84,3,6,11,70,75,5.97,4.09,89.94,-0.37,0.46,-0.1
2020-03-26,707,45,28,77,585,634,71,7,2,13,51,62,6.36,3.96,89.67,0.39,-0.12,-0.26
2020-03-27,803,54,31,92,657,718,96,9,3,15,72,84,6.72,3.86,89.41,0.35,-0.1,-0.26
2020-03-28,1075,68,35,109,898,972,272,14,4,17,241,254,6.33,3.26,90.42,-0.38,-0.6,1.01
2020-03-29,1418,71,42,129,1218,1305,343,3,7,20,320,333,5.01,2.96,92.03,-1.32,-0.29,1.6
2020-03-30,1546,78,42,152,1316,1426,128,7,0,23,98,121,5.05,2.72,92.24,0.04,-0.23,0.2
2020-03-31,2084,88,49,178,1818,1947,538,10,7,26,502,521,4.22,2.35,93.43,-0.83,-0.37,1.19
2020-04-01,2311,96,50,208,2007,2165,227,8,1,30,189,218,4.15,2.16,93.68,-0.06,-0.18,0.25
2020-04-02,2633,107,51,242,2284,2475,322,11,1,34,277,310,4.06,1.94,94.0,-0.09,-0.22,0.31
2020-04-03,3018,136,52,280,2602,2830,385,29,1,38,318,355,4.51,1.72,93.77,0.45,-0.21,-0.23
2020-04-04,3094,144,57,322,2628,2893,76,8,5,42,26,63,4.65,1.84,93.5,0.14,0.12,-0.26
2020-04-05,3246,152,64,369,2725,3030,152,8,7,47,97,137,4.68,1.97,93.35,0.02,0.12,-0.15
2020-04-06,3660,163,73,421,3076,3424,414,11,9,52,351,394,4.45,1.99,93.55,-0.22,0.02,0.2
2020-04-07,3764,177,84,479,3108,3503,104,14,11,58,32,79,4.7,2.23,93.07,0.25,0.24,-0.48
2020-04-08,3870,182,96,542,3146,3592,106,5,12,63,38,89,4.7,2.48,92.82,0.0,0.25,-0.25
2020-04-09,4076,203,124,611,3262,3749,206,21,28,69,116,157,4.98,3.04,91.98,0.28,0.56,-0.83
2020-04-10,4195,221,140,687,3287,3834,119,18,16,76,25,85,5.27,3.34,91.39,0.28,0.29,-0.59
2020-04-11,4428,247,157,769,3412,4024,233,26,17,82,125,190,5.58,3.55,90.88,0.31,0.2,-0.51
2020-04-12,4648,297,197,858,3493,4154,220,50,40,89,81,130,6.39,4.24,89.37,0.8,0.69,-1.5
2020-04-13,4932,315,242,953,3664,4375,284,18,45,95,171,221,6.39,4.91,88.71,0.0,0.67,-0.66
2020-04-14,5223,335,295,1055,3833,4593,291,20,53,102,169,218,6.41,5.65,87.94,0.02,0.74,-0.76
2020-04-15,5453,349,353,1164,3940,4751,230,14,58,109,107,158,6.4,6.47,87.13,0.0,0.81,-0.81
2020-04-16,5660,362,435,1279,4019,4863,207,13,82,115,79,112,6.4,7.69,85.92,0.0,1.22,-1.2
2020-04-17,5878,387,487,1401,4090,5004,218,25,52,122,71,141,6.58,8.29,85.13,0.17,0.59,-0.79
2020-04-18,6087,397,516,1529,4161,5174,209,10,29,128,71,170,6.52,8.48,85.0,-0.06,0.19,-0.12
2020-04-19,6259,409,572,1663,4187,5278,172,12,56,134,26,104,6.53,9.14,84.33,0.01,0.66,-0.67
2020-04-20,6259,409,572,1803,4047,5278,0,0,0,140,-140,0,6.53,9.14,84.33,0.0,0.0,0.0
