,Total Confirmed,Total Deaths,Total Recovered,Total Recovered_Est,Total Active_Est,Total Active,Daily New Confirmed,Daily New Deaths,Daily New Recovered,Daily New Recovered_Est,Daily New Active_Est,Daily New Active,Total Mortality_Rate,Total Recovery_Rate,Total Activity_Rate,Change in Mortality_Rate,Change in Recovery_Rate,Change in Activity_Rate
2020-01-22,0,0,0,0,0,0,0,0,0,0,0,0,0.0,0.0,0.0,0.0,0.0,0.0
2020-01-23,0,0,0,0,0,0,0,0,0,0,0,0,0.0,0.0,0.0,0.0,0.0,0.0
2020-01-24,0,0,0,0,0,0,0,0,0,0,0,0,0.0,0.0,0.0,0.0,0.0,0.0
2020-01-25,0,0,0,0,0,0,0,0,0,0,0,0,0.0,0.0,0.0,0.0,0.0,0.0
2020-01-26,0,0,0,0,0,0,0,0,0,0,0,0,0.0,0.0,0.0,0.0,0.0,0.0
2020-01-27,0,0,0,0,0,0,0,0,0,0,0,0,0.0,0.0,0.0,0.0,0.0,0.0
2020-01-28,0,0,0,0,0,0,0,0,0,0,0,0,0.0,0.0,0.0,0.0,0.0,0.0
2020-01-29,0,0,0,0,0,0,0,0,0,0,0,0,0.0,0.0,0.0,0.0,0.0,0.0
2020-01-30,0,0,0,0,0,0,0,0,0,0,0,0,0.0,0.0,0.0,0.0,0.0,0.0
2020-01-31,2,0,0,0,2,2,2,0,0,0,2,2,0.0,0.0,100.0,0.0,0.0,100.0
2020-02-01,2,0,0,0,2,2,0,0,0,0,0,0,0.0,0.0,100.0,0.0,0.0,0.0
2020-02-02,2,0,0,0,2,2,0,0,0,0,0,0,0.0,0.0,100.0,0.0,0.0,0.0
2020-02-03,2,0,0,0,2,2,0,0,0,0,0,0,0.0,0.0,100.0,0.0,0.0,0.0
2020-02-04,2,0,0,0,2,2,0,0,0,0,0,0,0.0,0.0,100.0,0.0,0.0,0.0
2020-02-05,2,0,0,0,2,2,0,0,0,0,0,0,0.0,0.0,100.0,0.0,0.0,0.0
2020-02-06,2,0,0,0,2,2,0,0,0,0,0,0,0.0,0.0,100.0,0.0,0.0,0.0
2020-02-07,2,0,0,0,2,2,0,0,0,0,0,0,0.0,0.0,100.0,0.0,0.0,0.0
2020-02-08,2,0,0,0,2,2,0,0,0,0,0,0,0.0,0.0,100.0,0.0,0.0,0.0
2020-02-09,2,0,0,0,2,2,0,0,0,0,0,0,0.0,0.0,100.0,0.0,0.0,0.0
2020-02-10,2,0,0,0,2,2,0,0,0,0,0,0,0.0,0.0,100.0,0.0,0.0,0.0
2020-02-11,2,0,0,0,2,2,0,0,0,0,0,0,0.0,0.0,100.0,0.0,0.0,0.0
2020-02-12,2,0,2,0,2,0,0,0,2,0,0,-2,0.0,100.0,0.0,0.0,100.0,-100.0
2020-02-13,2,0,2,0,2,0,0,0,0,0,0,0,0.0,100.0,0.0,0.0,0.0,0.0
2020-02-14,2,0,2,0,2,0,0,0,0,0,0,0,0.0,100.0,0.0,0.0,0.0,0.0
2020-02-15,2,0,2,0,2,0,0,0,0,0,0,0,0.0,100.0,0.0,0.0,0.0,0.0
2020-02-16,2,0,2,0,2,0,0,0,0,0,0,0,0.0,100.0,0.0,0.0,0.0,0.0
2020-02-17,2,0,2,0,2,0,0,0,0,0,0,0,0.0,100.0,0.0,0.0,0.0,0.0
2020-02-18,2,0,2,0,2,0,0,0,0,0,0,0,0.0,100.0,0.0,0.0,0.0,0.0
2020-02-19,2,0,2,0,2,0,0,0,0,0,0,0,0.0,100.0,0.0,0.0,0.0,0.0
2020-02-20,2,0,2,0,2,0,0,0,0,0,0,0,0.0,100.0,0.0,0.0,0.0,0.0
2020-02-21,2,0,2,0,2,0,0,0,0,0,0,0,0.0,100.0,0.0,0.0,0.0,0.0
2020-02-22,2,0,2,0,2,0,0,0,0,0,0,0,0.0,100.0,0.0,0.0,0.0,0.0
2020-02-23,2,0,2,0,2,0,0,0,0,0,0,0,0.0,100.0,0.0,0.0,0.0,0.0
2020-02-24,2,0,2,0,2,0,0,0,0,0,0,0,0.0,100.0,0.0,0.0,0.0,0.0
2020-02-25,2,0,2,0,2,0,0,0,0,0,0,0,0.0,100.0,0.0,0.0,0.0,0.0
2020-02-26,2,0,2,0,2,0,0,0,0,0,0,0,0.0,100.0,0.0,0.0,0.0,0.0
2020-02-27,2,0,2,0,2,0,0,0,0,0,0,0,0.0,100.0,0.0,0.0,0.0,0.0
2020-02-28,2,0,2,0,2,0,0,0,0,0,0,0,0.0,100.0,0.0,0.0,0.0,0.0
2020-02-29,2,0,2,0,2,0,0,0,0,0,0,0,0.0,100.0,0.0,0.0,0.0,0.0
2020-03-01,2,0,2,0,2,0,0,0,0,0,0,0,0.0,100.0,0.0,0.0,0.0,0.0
2020-03-02,3,0,2,0,3,1,1,0,0,0,1,1,0.0,66.67,33.33,0.0,-33.33,33.33
2020-03-03,3,0,2,0,3,1,0,0,0,0,0,0,0.0,66.67,33.33,0.0,0.0,0.0
2020-03-04,3,0,2,0,3,1,0,0,0,0,0,0,0.0,66.67,33.33,0.0,0.0,0.0
2020-03-05,4,0,2,0,4,2,1,0,0,0,1,1,0.0,50.0,50.0,0.0,-16.67,16.67
2020-03-06,13,0,2,0,13,11,9,0,0,0,9,9,0.0,15.38,84.62,0.0,-34.61,34.62
2020-03-07,13,0,2,0,13,11,0,0,0,0,0,0,0.0,15.38,84.62,0.0,0.0,0.0
2020-03-08,17,0,3,0,17,14,4,0,1,0,4,3,0.0,17.65,82.35,0.0,2.26,-2.27
2020-03-09,17,0,3,0,17,14,0,0,0,0,0,0,0.0,17.65,82.35,0.0,0.0,0.0
2020-03-10,20,0,3,0,20,17,3,0,0,0,3,3,0.0,15.0,85.0,0.0,-2.64,2.65
2020-03-11,20,0,3,0,20,17,0,0,0,0,0,0,0.0,15.0,85.0,0.0,0.0,0.0
2020-03-12,28,0,3,1,27,25,8,0,0,1,7,8,0.0,10.71,89.29,0.0,-4.28,4.29
2020-03-13,45,0,3,2,43,42,17,0,0,1,16,17,0.0,6.67,93.33,0.0,-4.04,4.03
2020-03-14,59,0,8,3,56,51,14,0,5,1,13,9,0.0,13.56,86.44,0.0,6.89,-6.89
2020-03-15,63,0,8,5,58,55,4,0,0,2,2,4,0.0,12.7,87.3,0.0,-0.86,0.85
2020-03-16,90,0,8,7,83,82,27,0,0,2,25,27,0.0,8.89,91.11,0.0,-3.8,3.81
2020-03-17,114,0,8,10,104,106,24,0,0,3,21,24,0.0,7.02,92.98,0.0,-1.87,1.87
2020-03-18,147,0,8,13,134,139,33,0,0,3,30,33,0.0,5.44,94.56,0.0,-1.57,1.57
2020-03-19,199,1,9,17,181,189,52,1,1,4,47,50,0.5,4.52,94.97,0.5,-0.92,0.4
2020-03-20,253,1,9,22,230,243,54,0,0,5,49,54,0.4,3.56,96.05,-0.09,-0.95,1.07
2020-03-21,306,1,12,29,276,293,53,0,3,7,46,50,0.33,3.92,95.75,-0.07,0.35,-0.29
2020-03-22,367,1,16,37,329,350,61,0,4,8,53,57,0.27,4.36,95.37,-0.06,0.44,-0.37
2020-03-23,438,1,16,47,390,421,71,0,0,10,61,71,0.23,3.65,96.12,-0.04,-0.71,0.75
2020-03-24,495,1,22,59,435,472,57,0,6,12,45,51,0.2,4.44,95.35,-0.03,0.79,-0.77
2020-03-25,658,3,29,74,581,626,163,2,7,15,146,154,0.46,4.41,95.14,0.26,-0.03,-0.2
2020-03-26,840,3,38,92,745,799,182,0,9,18,164,173,0.36,4.52,95.12,-0.1,0.1,-0.01
2020-03-27,1036,4,45,113,919,987,196,1,7,21,174,188,0.39,4.34,95.27,0.03,-0.17,0.14
2020-03-28,1264,4,49,139,1121,1211,228,0,4,26,202,224,0.32,3.88,95.81,-0.07,-0.46,0.54
2020-03-29,1534,8,64,170,1356,1462,270,4,15,31,235,251,0.52,4.17,95.31,0.2,0.29,-0.5
2020-03-30,1836,9,66,207,1620,1761,302,1,2,37,264,299,0.49,3.59,95.92,-0.03,-0.58,0.6
2020-03-31,2337,17,121,251,2069,2199,501,8,55,44,449,438,0.73,5.18,94.09,0.24,1.59,-1.82
2020-04-01,2777,24,190,303,2450,2563,440,7,69,52,381,364,0.86,6.84,92.29,0.13,1.66,-1.79
2020-04-02,3548,30,235,364,3154,3283,771,6,45,61,704,720,0.85,6.62,92.53,-0.01,-0.21,0.23
2020-04-03,4149,34,281,436,3679,3834,601,4,46,72,525,551,0.82,6.77,92.41,-0.03,0.14,-0.12
2020-04-04,4731,43,333,520,4168,4355,582,9,52,84,489,521,0.91,7.04,92.05,0.09,0.27,-0.35
2020-04-05,5389,45,355,617,4727,4989,658,2,22,97,559,634,0.84,6.59,92.58,-0.07,-0.45,0.53
2020-04-06,6343,47,406,729,5567,5890,954,2,51,112,840,901,0.74,6.4,92.86,-0.09,-0.18,0.28
2020-04-07,7497,58,494,858,6581,6945,1154,11,88,129,1014,1055,0.77,6.59,92.64,0.03,0.18,-0.21
2020-04-08,8672,63,580,1006,7603,8029,1175,5,86,148,1022,1084,0.73,6.69,92.59,-0.04,0.1,-0.04
2020-04-09,10131,76,698,1175,8880,9357,1459,13,118,169,1277,1328,0.75,6.89,92.36,0.02,0.19,-0.23
2020-04-10,11917,94,795,1368,10455,11028,1786,18,97,193,1575,1671,0.79,6.67,92.54,0.04,-0.21,0.18
2020-04-11,13584,106,1045,1587,11891,12433,1667,12,250,219,1436,1405,0.78,7.69,91.53,-0.01,1.02,-1.01
2020-04-12,15770,130,1291,1834,13806,14349,2186,24,246,247,1915,1916,0.82,8.19,90.99,0.03,0.49,-0.54
2020-04-13,18328,148,1470,2113,16067,16710,2558,18,179,279,2261,2361,0.81,8.02,91.17,0.0,-0.16,0.18
2020-04-14,21102,170,1694,2427,18505,19238,2774,22,224,314,2438,2528,0.81,8.03,91.17,0.0,0.0,0.0
2020-04-15,24490,198,1986,2778,21514,22306,3388,28,292,351,3009,3068,0.81,8.11,91.08,0.0,0.08,-0.09
2020-04-16,27938,232,2304,3170,24536,25402,3448,34,318,392,3022,3096,0.83,8.25,90.92,0.01,0.14,-0.15
2020-04-17,32008,273,2590,3605,28130,29145,4070,41,286,435,3594,3743,0.85,8.09,91.06,0.02,-0.16,0.14
2020-04-18,36793,313,3057,4085,32395,33423,4785,40,467,480,4265,4278,0.85,8.31,90.84,0.0,0.22,-0.21
2020-04-19,42853,361,3291,4614,37878,39201,6060,48,234,529,5483,5778,0.84,7.68,91.48,-0.01,-0.63,0.64
2020-04-20,42853,361,3291,5193,37299,39201,0,0,0,579,-579,0,0.84,7.68,91.48,0.0,0.0,0.0
