,Total Confirmed,Total Deaths,Total Recovered,Total Recovered_Est,Total Active_Est,Total Active,Daily New Confirmed,Daily New Deaths,Daily New Recovered,Daily New Recovered_Est,Daily New Active_Est,Daily New Active,Total Mortality_Rate,Total Recovery_Rate,Total Activity_Rate,Change in Mortality_Rate,Change in Recovery_Rate,Change in Activity_Rate
2020-01-22,0,0,0,0,0,0,0,0,0,0,0,0,0.0,0.0,0.0,0.0,0.0,0.0
2020-01-23,1,0,0,0,1,1,1,0,0,0,1,1,0.0,0.0,100.0,0.0,0.0,100.0
2020-01-24,3,0,0,0,3,3,2,0,0,0,2,2,0.0,0.0,100.0,0.0,0.0,0.0
2020-01-25,3,0,0,0,3,3,0,0,0,0,0,0,0.0,0.0,100.0,0.0,0.0,0.0
2020-01-26,4,0,0,0,4,4,1,0,0,0,1,1,0.0,0.0,100.0,0.0,0.0,0.0
2020-01-27,5,0,0,0,5,5,1,0,0,0,1,1,0.0,0.0,100.0,0.0,0.0,0.0
2020-01-28,7,0,0,0,7,7,2,0,0,0,2,2,0.0,0.0,100.0,0.0,0.0,0.0
2020-01-29,7,0,0,0,7,7,0,0,0,0,0,0,0.0,0.0,100.0,0.0,0.0,0.0
2020-01-30,10,0,0,0,10,10,3,0,0,0,3,3,0.0,0.0,100.0,0.0,0.0,0.0
2020-01-31,13,0,0,0,13,13,3,0,0,0,3,3,0.0,0.0,100.0,0.0,0.0,0.0
2020-02-01,16,0,0,0,16,16,3,0,0,0,3,3,0.0,0.0,100.0,0.0,0.0,0.0
2020-02-02,18,0,0,0,18,18,2,0,0,0,2,2,0.0,0.0,100.0,0.0,0.0,0.0
2020-02-03,18,0,0,0,18,18,0,0,0,0,0,0,0.0,0.0,100.0,0.0,0.0,0.0
2020-02-04,24,0,0,0,24,24,6,0,0,0,6,6,0.0,0.0,100.0,0.0,0.0,0.0
2020-02-05,28,0,0,0,28,28,4,0,0,0,4,4,0.0,0.0,100.0,0.0,0.0,0.0
2020-02-06,28,0,0,0,28,28,0,0,0,0,0,0,0.0,0.0,100.0,0.0,0.0,0.0
2020-02-07,30,0,0,0,30,30,2,0,0,0,2,2,0.0,0.0,100.0,0.0,0.0,0.0
2020-02-08,33,0,2,0,33,31,3,0,2,0,3,1,0.0,6.06,93.94,0.0,6.06,-6.06
2020-02-09,40,0,2,0,40,38,7,0,0,0,7,7,0.0,5.0,95.0,0.0,-1.05,1.06
2020-02-10,45,0,2,0,45,43,5,0,0,0,5,5,0.0,4.44,95.56,0.0,-0.55,0.56
2020-02-11,47,0,9,0,47,38,2,0,7,0,2,-5,0.0,19.15,80.85,0.0,14.7,-14.71
2020-02-12,50,0,15,0,50,35,3,0,6,0,3,-3,0.0,30.0,70.0,0.0,10.85,-10.84
2020-02-13,58,0,15,0,58,43,8,0,0,0,8,8,0.0,25.86,74.14,0.0,-4.14,4.14
2020-02-14,67,0,17,1,66,50,9,0,2,1,8,7,0.0,25.37,74.63,0.0,-0.48,0.48
2020-02-15,72,0,18,2,70,54,5,0,1,1,4,4,0.0,25.0,75.0,0.0,-0.37,0.37
2020-02-16,75,0,18,3,72,57,3,0,0,1,2,3,0.0,24.0,76.0,0.0,-1.0,1.0
2020-02-17,77,0,24,4,73,53,2,0,6,1,1,-4,0.0,31.17,68.83,0.0,7.17,-7.17
2020-02-18,81,0,29,5,76,52,4,0,5,1,3,-1,0.0,35.8,64.2,0.0,4.62,-4.62
2020-02-19,84,0,34,6,78,50,3,0,5,1,2,-2,0.0,40.48,59.52,0.0,4.68,-4.68
2020-02-20,84,0,34,7,77,50,0,0,0,1,-1,0,0.0,40.48,59.52,0.0,0.0,0.0
2020-02-21,85,0,37,8,77,48,1,0,3,1,0,-2,0.0,43.53,56.47,0.0,3.05,-3.05
2020-02-22,85,0,37,9,76,48,0,0,0,1,-1,0,0.0,43.53,56.47,0.0,0.0,0.0
2020-02-23,89,0,51,10,79,38,4,0,14,1,3,-10,0.0,57.3,42.7,0.0,13.76,-13.76
2020-02-24,89,0,51,12,77,38,0,0,0,2,-2,0,0.0,57.3,42.7,0.0,0.0,0.0
2020-02-25,91,0,53,14,77,38,2,0,2,2,0,0,0.0,58.24,41.76,0.0,0.94,-0.94
2020-02-26,93,0,62,16,77,31,2,0,9,2,0,-7,0.0,66.67,33.33,0.0,8.43,-8.43
2020-02-27,93,0,62,18,75,31,0,0,0,2,-2,0,0.0,66.67,33.33,0.0,0.0,0.0
2020-02-28,93,0,62,20,73,31,0,0,0,2,-2,0,0.0,66.67,33.33,0.0,0.0,0.0
2020-02-29,102,0,72,22,80,30,9,0,10,2,7,-1,0.0,70.59,29.41,0.0,3.92,-3.91
2020-03-01,106,0,72,24,82,34,4,0,0,2,2,4,0.0,67.92,32.08,0.0,-2.67,2.66
2020-03-02,108,0,78,26,82,30,2,0,6,2,0,-4,0.0,72.22,27.78,0.0,4.29,-4.29
2020-03-03,110,0,78,28,82,32,2,0,0,2,0,2,0.0,70.91,29.09,0.0,-1.31,1.3
2020-03-04,110,0,78,30,80,32,0,0,0,2,-2,0,0.0,70.91,29.09,0.0,0.0,0.0
2020-03-05,117,0,78,33,84,39,7,0,0,3,4,7,0.0,66.67,33.33,0.0,-4.23,4.23
2020-03-06,130,0,78,36,94,52,13,0,0,3,10,13,0.0,60.0,40.0,0.0,-6.67,6.67
2020-03-07,138,0,78,39,99,60,8,0,0,3,5,8,0.0,56.52,43.48,0.0,-3.47,3.47
2020-03-08,150,0,78,42,108,72,12,0,0,3,9,12,0.0,52.0,48.0,0.0,-4.52,4.52
2020-03-09,150,0,78,45,105,72,0,0,0,3,-3,0,0.0,52.0,48.0,0.0,0.0,0.0
2020-03-10,160,0,78,48,112,82,10,0,0,3,7,10,0.0,48.75,51.25,0.0,-3.25,3.25
2020-03-11,178,0,96,51,127,82,18,0,18,3,15,0,0.0,53.93,46.07,0.0,5.18,-5.18
2020-03-12,178,0,96,54,124,82,0,0,0,3,-3,0,0.0,53.93,46.07,0.0,0.0,0.0
2020-03-13,200,0,97,57,143,103,22,0,1,3,19,21,0.0,48.5,51.5,0.0,-5.43,5.43
2020-03-14,212,0,105,61,151,107,12,0,8,4,8,4,0.0,49.53,50.47,0.0,1.03,-1.03
2020-03-15,226,0,105,65,161,121,14,0,0,4,10,14,0.0,46.46,53.54,0.0,-3.07,3.07
2020-03-16,243,0,109,69,174,134,17,0,4,4,13,13,0.0,44.86,55.14,0.0,-1.6,1.6
2020-03-17,266,0,114,73,193,152,23,0,5,4,19,18,0.0,42.86,57.14,0.0,-2.0,2.0
2020-03-18,313,0,114,78,235,199,47,0,0,5,42,47,0.0,36.42,63.58,0.0,-6.43,6.43
2020-03-19,345,0,114,83,262,231,32,0,0,5,27,32,0.0,33.04,66.96,0.0,-3.38,3.37
2020-03-20,385,0,124,89,296,261,40,0,10,6,34,30,0.0,32.21,67.79,0.0,-0.82,0.83
2020-03-21,432,2,140,95,335,290,47,2,16,6,39,29,0.46,32.41,67.13,0.46,0.19,-0.66
2020-03-22,455,2,144,102,351,309,23,0,4,7,16,19,0.44,31.65,67.91,-0.02,-0.75,0.78
2020-03-23,509,2,144,109,398,363,54,0,0,7,47,54,0.39,28.29,71.32,-0.04,-3.35,3.4
2020-03-24,558,2,156,117,439,400,49,0,12,8,41,37,0.36,27.96,71.68,-0.03,-0.32,0.36
2020-03-25,631,2,160,126,503,469,73,0,4,9,64,69,0.32,25.36,74.33,-0.03,-2.6,2.64
2020-03-26,683,2,172,136,545,509,52,0,12,10,42,40,0.29,25.18,74.52,-0.03,-0.17,0.18
2020-03-27,732,2,183,147,583,547,49,0,11,11,38,38,0.27,25.0,74.73,-0.01,-0.17,0.21
2020-03-28,802,2,198,159,641,602,70,0,15,12,58,55,0.25,24.69,75.06,-0.02,-0.3,0.32
2020-03-29,844,3,212,172,669,629,42,1,14,13,28,27,0.36,25.12,74.53,0.1,0.42,-0.53
2020-03-30,879,3,228,186,690,648,35,0,16,14,21,19,0.34,25.94,73.72,-0.01,0.82,-0.81
2020-03-31,926,3,240,202,721,683,47,0,12,16,31,35,0.32,25.92,73.76,-0.02,-0.01,0.04
2020-04-01,1000,3,245,219,778,752,74,0,5,17,57,69,0.3,24.5,75.2,-0.02,-1.42,1.43
2020-04-02,1049,4,266,238,807,779,49,1,21,19,29,27,0.38,25.36,74.26,0.08,0.85,-0.93
2020-04-03,1114,5,282,259,850,827,65,1,16,21,43,48,0.45,25.31,74.24,0.07,-0.05,-0.02
2020-04-04,1189,6,297,282,901,886,75,1,15,23,51,59,0.5,24.98,74.52,0.04,-0.32,0.28
2020-04-05,1309,6,320,308,995,983,120,0,23,26,94,97,0.46,24.45,75.1,-0.03,-0.53,0.57
2020-04-06,1375,6,344,336,1033,1025,66,0,24,28,38,42,0.44,25.02,74.55,-0.02,0.57,-0.54
2020-04-07,1481,6,377,367,1108,1098,106,0,33,31,75,73,0.41,25.46,74.14,-0.03,0.44,-0.4
2020-04-08,1623,6,406,401,1216,1211,142,0,29,34,108,113,0.37,25.02,74.61,-0.03,-0.44,0.46
2020-04-09,1910,6,460,438,1466,1444,287,0,54,37,250,233,0.31,24.08,75.6,-0.06,-0.94,0.98
2020-04-10,2108,7,492,479,1622,1609,198,1,32,41,156,165,0.33,23.34,76.33,0.02,-0.73,0.73
2020-04-11,2299,8,528,524,1767,1763,191,1,36,45,145,154,0.35,22.97,76.69,0.01,-0.37,0.35
2020-04-12,2532,8,560,573,1951,1964,233,0,32,49,184,201,0.32,22.12,77.57,-0.02,-0.84,0.87
2020-04-13,2918,9,586,626,2283,2323,386,1,26,53,332,359,0.31,20.08,79.61,-0.01,-2.04,2.04
2020-04-14,3252,10,611,684,2558,2631,334,1,25,58,275,308,0.31,18.79,80.9,0.0,-1.28,1.29
2020-04-15,3699,10,652,748,2941,3037,447,0,41,64,383,406,0.27,17.63,82.1,-0.03,-1.16,1.19
2020-04-16,4427,10,683,817,3600,3734,728,0,31,69,659,697,0.23,15.43,84.35,-0.04,-2.19,2.25
2020-04-17,5050,11,708,893,4146,4331,623,1,25,76,546,597,0.22,14.02,85.76,-0.01,-1.41,1.41
2020-04-18,5992,11,740,975,5006,5241,942,0,32,82,860,910,0.18,12.35,87.47,-0.04,-1.67,1.7
2020-04-19,6588,11,768,1064,5513,5809,596,0,28,89,507,568,0.17,11.66,88.18,0.0,-0.68,0.71
2020-04-20,8014,11,768,1161,6842,7235,1426,0,0,97,1329,1426,0.14,9.58,90.28,-0.03,-2.08,2.09
