,Total Confirmed,Total Deaths,Total Recovered,Total Recovered_Est,Total Active_Est,Total Active,Daily New Confirmed,Daily New Deaths,Daily New Recovered,Daily New Recovered_Est,Daily New Active_Est,Daily New Active,Total Mortality_Rate,Total Recovery_Rate,Total Activity_Rate,Change in Mortality_Rate,Change in Recovery_Rate,Change in Activity_Rate
2020-01-22,2,0,0,0,2,2,2,0,0,0,2,2,0.0,0.0,100.0,0.0,0.0,100.0
2020-01-23,3,0,0,0,3,3,1,0,0,0,1,1,0.0,0.0,100.0,0.0,0.0,0.0
2020-01-24,5,0,0,0,5,5,2,0,0,0,2,2,0.0,0.0,100.0,0.0,0.0,0.0
2020-01-25,7,0,0,0,7,7,2,0,0,0,2,2,0.0,0.0,100.0,0.0,0.0,0.0
2020-01-26,8,0,2,0,8,6,1,0,2,0,1,-1,0.0,25.0,75.0,0.0,25.0,-25.0
2020-01-27,8,0,2,0,8,6,0,0,0,0,0,0,0.0,25.0,75.0,0.0,0.0,0.0
2020-01-28,14,0,5,0,14,9,6,0,3,0,6,3,0.0,35.71,64.29,0.0,10.71,-10.7
2020-01-29,14,0,5,0,14,9,0,0,0,0,0,0,0.0,35.71,64.29,0.0,0.0,0.0
2020-01-30,14,0,5,0,14,9,0,0,0,0,0,0,0.0,35.71,64.29,0.0,0.0,0.0
2020-01-31,19,0,5,0,19,14,5,0,0,0,5,5,0.0,26.32,73.68,0.0,-9.39,9.39
2020-02-01,19,0,5,0,19,14,0,0,0,0,0,0,0.0,26.32,73.68,0.0,0.0,0.0
2020-02-02,19,0,5,0,19,14,0,0,0,0,0,0,0.0,26.32,73.68,0.0,0.0,0.0
2020-02-03,19,0,5,0,19,14,0,0,0,0,0,0,0.0,26.32,73.68,0.0,0.0,0.0
2020-02-04,25,0,5,0,25,20,6,0,0,0,6,6,0.0,20.0,80.0,0.0,-6.32,6.31
2020-02-05,25,0,5,0,25,20,0,0,0,0,0,0,0.0,20.0,80.0,0.0,0.0,0.0
2020-02-06,25,0,5,0,25,20,0,0,0,0,0,0,0.0,20.0,80.0,0.0,0.0,0.0
2020-02-07,25,0,5,0,25,20,0,0,0,0,0,0,0.0,20.0,80.0,0.0,0.0,0.0
2020-02-08,32,0,10,0,32,22,7,0,5,0,7,2,0.0,31.25,68.75,0.0,11.25,-11.25
2020-02-09,32,0,10,0,32,22,0,0,0,0,0,0,0.0,31.25,68.75,0.0,0.0,0.0
2020-02-10,32,0,10,0,32,22,0,0,0,0,0,0,0.0,31.25,68.75,0.0,0.0,0.0
2020-02-11,33,0,10,0,33,23,1,0,0,0,1,1,0.0,30.3,69.7,0.0,-0.94,0.95
2020-02-12,33,0,10,0,33,23,0,0,0,0,0,0,0.0,30.3,69.7,0.0,0.0,0.0
2020-02-13,33,0,12,0,33,21,0,0,2,0,0,-2,0.0,36.36,63.64,0.0,6.05,-6.06
2020-02-14,33,0,12,0,33,21,0,0,0,0,0,0,0.0,36.36,63.64,0.0,0.0,0.0
2020-02-15,33,0,12,0,33,21,0,0,0,0,0,0,0.0,36.36,63.64,0.0,0.0,0.0
2020-02-16,34,0,14,0,34,20,1,0,2,0,1,-1,0.0,41.18,58.82,0.0,4.82,-4.82
2020-02-17,35,0,15,0,35,20,1,0,1,0,1,0,0.0,42.86,57.14,0.0,1.67,-1.67
2020-02-18,35,0,15,0,35,20,0,0,0,0,0,0,0.0,42.86,57.14,0.0,0.0,0.0
2020-02-19,35,0,15,0,35,20,0,0,0,0,0,0,0.0,42.86,57.14,0.0,0.0,0.0
2020-02-20,35,0,15,0,35,20,0,0,0,0,0,0,0.0,42.86,57.14,0.0,0.0,0.0
2020-02-21,35,0,17,0,35,18,0,0,2,0,0,-2,0.0,48.57,51.43,0.0,5.71,-5.71
2020-02-22,35,0,17,1,34,18,0,0,0,1,-1,0,0.0,48.57,51.43,0.0,0.0,0.0
2020-02-23,35,0,21,2,33,14,0,0,4,1,-1,-4,0.0,60.0,40.0,0.0,11.43,-11.43
2020-02-24,35,0,21,3,32,14,0,0,0,1,-1,0,0.0,60.0,40.0,0.0,0.0,0.0
2020-02-25,37,0,22,4,33,15,2,0,1,1,1,1,0.0,59.46,40.54,0.0,-0.53,0.53
2020-02-26,40,0,22,5,35,18,3,0,0,1,2,3,0.0,55.0,45.0,0.0,-4.46,4.46
2020-02-27,40,0,22,6,34,18,0,0,0,1,-1,0,0.0,55.0,45.0,0.0,0.0,0.0
2020-02-28,41,0,28,7,34,13,1,0,6,1,0,-5,0.0,68.29,31.71,0.0,13.29,-13.29
2020-02-29,42,0,28,8,34,14,1,0,0,1,0,1,0.0,66.67,33.33,0.0,-1.62,1.61
2020-03-01,42,1,28,9,32,13,0,1,0,1,-2,-1,2.38,66.67,30.95,2.38,0.0,-2.37
2020-03-02,43,1,31,10,32,11,1,0,3,1,0,-2,2.33,72.09,25.58,-0.04,5.42,-5.37
2020-03-03,43,1,31,11,31,11,0,0,0,1,-1,0,2.33,72.09,25.58,0.0,0.0,0.0
2020-03-04,43,1,31,12,30,11,0,0,0,1,-1,0,2.33,72.09,25.58,0.0,0.0,0.0
2020-03-05,47,1,31,13,33,15,4,0,0,1,3,4,2.13,65.96,31.91,-0.2,-6.13,6.33
2020-03-06,48,1,31,14,33,16,1,0,0,1,0,1,2.08,64.58,33.33,-0.04,-1.37,1.41
2020-03-07,50,1,31,15,34,18,2,0,0,1,1,2,2.0,62.0,36.0,-0.08,-2.57,2.67
2020-03-08,50,1,31,16,33,18,0,0,0,1,-1,0,2.0,62.0,36.0,0.0,0.0,0.0
2020-03-09,50,1,31,17,32,18,0,0,0,1,-1,0,2.0,62.0,36.0,0.0,0.0,0.0
2020-03-10,53,1,33,18,34,19,3,0,2,1,2,1,1.89,62.26,35.85,-0.11,0.25,-0.14
2020-03-11,59,1,34,19,39,24,6,0,1,1,5,5,1.69,57.63,40.68,-0.19,-4.62,4.82
2020-03-12,70,1,34,20,49,35,11,0,0,1,10,11,1.43,48.57,50.0,-0.26,-9.06,9.32
2020-03-13,75,1,35,22,52,39,5,0,1,2,3,4,1.33,46.67,52.0,-0.09,-1.89,2.0
2020-03-14,82,1,35,24,57,46,7,0,0,2,5,7,1.22,42.68,56.1,-0.11,-3.99,4.1
2020-03-15,114,1,35,26,87,78,32,0,0,2,30,32,0.88,30.7,68.42,-0.34,-11.98,12.32
2020-03-16,147,1,35,29,117,111,33,0,0,3,30,33,0.68,23.81,75.51,-0.19,-6.89,7.09
2020-03-17,177,1,41,32,144,135,30,0,6,3,27,24,0.56,23.16,76.27,-0.12,-0.64,0.75
2020-03-18,212,1,42,36,175,169,35,0,1,4,31,34,0.47,19.81,79.72,-0.09,-3.35,3.45
2020-03-19,272,1,42,40,231,229,60,0,0,4,56,60,0.37,15.44,84.19,-0.09,-4.36,4.46
2020-03-20,322,1,42,45,276,279,50,0,0,5,45,50,0.31,13.04,86.65,-0.06,-2.4,2.46
2020-03-21,411,1,42,51,359,368,89,0,0,6,83,89,0.24,10.22,89.54,-0.07,-2.81,2.89
2020-03-22,599,1,44,58,540,554,188,0,2,7,181,186,0.17,7.35,92.49,-0.06,-2.87,2.94
2020-03-23,721,1,44,66,654,676,122,0,0,8,114,122,0.14,6.1,93.76,-0.03,-1.25,1.27
2020-03-24,827,4,52,75,748,771,106,3,8,9,94,95,0.48,6.29,93.23,0.34,0.19,-0.53
2020-03-25,934,4,70,86,844,860,107,0,18,11,96,89,0.43,7.49,92.08,-0.04,1.2,-1.15
2020-03-26,1045,4,88,98,943,953,111,0,18,12,99,93,0.38,8.42,91.2,-0.04,0.92,-0.87
2020-03-27,1136,5,97,112,1019,1034,91,1,9,14,76,81,0.44,8.54,91.02,0.06,0.11,-0.18
2020-03-28,1245,6,97,128,1111,1142,109,1,0,16,92,108,0.48,7.79,91.73,0.03,-0.74,0.71
2020-03-29,1388,7,97,146,1235,1284,143,1,0,18,124,142,0.5,6.99,92.51,0.02,-0.79,0.78
2020-03-30,1524,9,229,166,1349,1286,136,2,132,20,114,2,0.59,15.03,84.38,0.08,8.03,-8.13
2020-03-31,1651,10,342,188,1453,1299,127,1,113,22,104,13,0.61,20.71,78.68,0.02,5.68,-5.69
2020-04-01,1771,12,505,213,1546,1254,120,2,163,25,93,-45,0.68,28.51,70.81,0.07,7.8,-7.87
2020-04-02,1875,15,505,241,1619,1355,104,3,0,28,73,101,0.8,26.93,72.27,0.12,-1.58,1.45
2020-04-03,1978,19,612,271,1688,1347,103,4,107,30,69,-8,0.96,30.94,68.1,0.15,4.01,-4.17
2020-04-04,2067,20,674,304,1743,1373,89,1,62,33,55,26,0.97,32.61,66.42,0.01,1.66,-1.67
2020-04-05,2169,23,793,340,1806,1353,102,3,119,36,63,-20,1.06,36.56,62.38,0.09,3.95,-4.03
2020-04-06,2220,26,793,379,1815,1401,51,3,0,39,9,48,1.17,35.72,63.11,0.1,-0.84,0.72
2020-04-07,2258,27,888,422,1809,1343,38,1,95,43,-6,-58,1.2,39.33,59.48,0.03,3.6,-3.63
2020-04-08,2369,30,888,468,1871,1451,111,3,0,46,62,108,1.27,37.48,61.25,0.07,-1.85,1.77
2020-04-09,2423,32,940,517,1874,1451,54,2,52,49,3,0,1.32,38.79,59.88,0.05,1.31,-1.36
2020-04-10,2473,33,1013,569,1871,1427,50,1,73,52,-3,-24,1.33,40.96,57.7,0.01,2.17,-2.17
2020-04-11,2518,35,1135,624,1859,1348,45,2,122,55,-12,-79,1.39,45.08,53.53,0.05,4.11,-4.17
2020-04-12,2551,38,1218,682,1831,1295,33,3,83,58,-28,-53,1.49,47.75,50.76,0.1,2.67,-2.77
2020-04-13,2579,40,1288,742,1797,1251,28,2,70,60,-34,-44,1.55,49.94,48.51,0.06,2.18,-2.25
2020-04-14,2613,41,1405,805,1767,1167,34,1,117,63,-30,-84,1.57,53.77,44.66,0.02,3.83,-3.85
2020-04-15,2643,43,1497,870,1730,1103,30,2,92,65,-37,-64,1.63,56.64,41.73,0.05,2.86,-2.93
2020-04-16,2672,46,1593,937,1689,1033,29,3,96,67,-41,-70,1.72,59.62,38.66,0.09,2.97,-3.07
2020-04-17,2700,47,1689,1006,1647,964,28,1,96,69,-42,-69,1.74,62.56,35.7,0.02,2.94,-2.95
2020-04-18,2733,47,1787,1077,1609,899,33,0,98,71,-38,-65,1.72,65.39,32.89,-0.02,2.82,-2.81
2020-04-19,2765,47,1928,1149,1569,790,32,0,141,72,-40,-109,1.7,69.73,28.57,-0.02,4.34,-4.32
2020-04-20,2792,47,1999,1222,1523,746,27,0,71,73,-46,-44,1.68,71.6,26.72,-0.02,1.86,-1.85
