,Total Confirmed,Total Deaths,Total Recovered,Total Recovered_Est,Total Active_Est,Total Active,Daily New Confirmed,Daily New Deaths,Daily New Recovered,Daily New Recovered_Est,Daily New Active_Est,Daily New Active,Total Mortality_Rate,Total Recovery_Rate,Total Activity_Rate,Change in Mortality_Rate,Change in Recovery_Rate,Change in Activity_Rate
2020-01-22,0,0,0,0,0,0,0,0,0,0,0,0,0.0,0.0,0.0,0.0,0.0,0.0
2020-01-23,0,0,0,0,0,0,0,0,0,0,0,0,0.0,0.0,0.0,0.0,0.0,0.0
2020-01-24,0,0,0,0,0,0,0,0,0,0,0,0,0.0,0.0,0.0,0.0,0.0,0.0
2020-01-25,0,0,0,0,0,0,0,0,0,0,0,0,0.0,0.0,0.0,0.0,0.0,0.0
2020-01-26,0,0,0,0,0,0,0,0,0,0,0,0,0.0,0.0,0.0,0.0,0.0,0.0
2020-01-27,0,0,0,0,0,0,0,0,0,0,0,0,0.0,0.0,0.0,0.0,0.0,0.0
2020-01-28,0,0,0,0,0,0,0,0,0,0,0,0,0.0,0.0,0.0,0.0,0.0,0.0
2020-01-29,0,0,0,0,0,0,0,0,0,0,0,0,0.0,0.0,0.0,0.0,0.0,0.0
2020-01-30,1,0,0,0,1,1,1,0,0,0,1,1,0.0,0.0,100.0,0.0,0.0,100.0
2020-01-31,1,0,0,0,1,1,0,0,0,0,0,0,0.0,0.0,100.0,0.0,0.0,0.0
2020-02-01,1,0,0,0,1,1,0,0,0,0,0,0,0.0,0.0,100.0,0.0,0.0,0.0
2020-02-02,2,0,0,0,2,2,1,0,0,0,1,1,0.0,0.0,100.0,0.0,0.0,0.0
2020-02-03,3,0,0,0,3,3,1,0,0,0,1,1,0.0,0.0,100.0,0.0,0.0,0.0
2020-02-04,3,0,0,0,3,3,0,0,0,0,0,0,0.0,0.0,100.0,0.0,0.0,0.0
2020-02-05,3,0,0,0,3,3,0,0,0,0,0,0,0.0,0.0,100.0,0.0,0.0,0.0
2020-02-06,3,0,0,0,3,3,0,0,0,0,0,0,0.0,0.0,100.0,0.0,0.0,0.0
2020-02-07,3,0,0,0,3,3,0,0,0,0,0,0,0.0,0.0,100.0,0.0,0.0,0.0
2020-02-08,3,0,0,0,3,3,0,0,0,0,0,0,0.0,0.0,100.0,0.0,0.0,0.0
2020-02-09,3,0,0,0,3,3,0,0,0,0,0,0,0.0,0.0,100.0,0.0,0.0,0.0
2020-02-10,3,0,0,0,3,3,0,0,0,0,0,0,0.0,0.0,100.0,0.0,0.0,0.0
2020-02-11,3,0,0,0,3,3,0,0,0,0,0,0,0.0,0.0,100.0,0.0,0.0,0.0
2020-02-12,3,0,0,0,3,3,0,0,0,0,0,0,0.0,0.0,100.0,0.0,0.0,0.0
2020-02-13,3,0,0,0,3,3,0,0,0,0,0,0,0.0,0.0,100.0,0.0,0.0,0.0
2020-02-14,3,0,0,0,3,3,0,0,0,0,0,0,0.0,0.0,100.0,0.0,0.0,0.0
2020-02-15,3,0,0,0,3,3,0,0,0,0,0,0,0.0,0.0,100.0,0.0,0.0,0.0
2020-02-16,3,0,3,0,3,0,0,0,3,0,0,-3,0.0,100.0,0.0,0.0,100.0,-100.0
2020-02-17,3,0,3,0,3,0,0,0,0,0,0,0,0.0,100.0,0.0,0.0,0.0,0.0
2020-02-18,3,0,3,0,3,0,0,0,0,0,0,0,0.0,100.0,0.0,0.0,0.0,0.0
2020-02-19,3,0,3,0,3,0,0,0,0,0,0,0,0.0,100.0,0.0,0.0,0.0,0.0
2020-02-20,3,0,3,0,3,0,0,0,0,0,0,0,0.0,100.0,0.0,0.0,0.0,0.0
2020-02-21,3,0,3,0,3,0,0,0,0,0,0,0,0.0,100.0,0.0,0.0,0.0,0.0
2020-02-22,3,0,3,0,3,0,0,0,0,0,0,0,0.0,100.0,0.0,0.0,0.0,0.0
2020-02-23,3,0,3,0,3,0,0,0,0,0,0,0,0.0,100.0,0.0,0.0,0.0,0.0
2020-02-24,3,0,3,0,3,0,0,0,0,0,0,0,0.0,100.0,0.0,0.0,0.0,0.0
2020-02-25,3,0,3,0,3,0,0,0,0,0,0,0,0.0,100.0,0.0,0.0,0.0,0.0
2020-02-26,3,0,3,0,3,0,0,0,0,0,0,0,0.0,100.0,0.0,0.0,0.0,0.0
2020-02-27,3,0,3,0,3,0,0,0,0,0,0,0,0.0,100.0,0.0,0.0,0.0,0.0
2020-02-28,3,0,3,0,3,0,0,0,0,0,0,0,0.0,100.0,0.0,0.0,0.0,0.0
2020-02-29,3,0,3,0,3,0,0,0,0,0,0,0,0.0,100.0,0.0,0.0,0.0,0.0
2020-03-01,3,0,3,0,3,0,0,0,0,0,0,0,0.0,100.0,0.0,0.0,0.0,0.0
2020-03-02,5,0,3,0,5,2,2,0,0,0,2,2,0.0,60.0,40.0,0.0,-40.0,40.0
2020-03-03,5,0,3,0,5,2,0,0,0,0,0,0,0.0,60.0,40.0,0.0,0.0,0.0
2020-03-04,28,0,3,0,28,25,23,0,0,0,23,23,0.0,10.71,89.29,0.0,-49.29,49.29
2020-03-05,30,0,3,0,30,27,2,0,0,0,2,2,0.0,10.0,90.0,0.0,-0.71,0.7
2020-03-06,31,0,3,0,31,28,1,0,0,0,1,1,0.0,9.68,90.32,0.0,-0.32,0.31
2020-03-07,34,0,3,0,34,31,3,0,0,0,3,3,0.0,8.82,91.18,0.0,-0.85,0.86
2020-03-08,39,0,3,0,39,36,5,0,0,0,5,5,0.0,7.69,92.31,0.0,-1.12,1.12
2020-03-09,43,0,3,0,43,40,4,0,0,0,4,4,0.0,6.98,93.02,0.0,-0.71,0.7
2020-03-10,56,0,4,0,56,52,13,0,1,0,13,12,0.0,7.14,92.86,0.0,0.15,-0.15
2020-03-11,62,1,4,1,60,57,6,1,0,1,4,5,1.61,6.45,91.94,1.61,-0.68,-0.92
2020-03-12,73,1,4,2,70,68,11,0,0,1,10,11,1.37,5.48,93.15,-0.24,-0.96,1.21
2020-03-13,82,2,4,3,77,76,9,1,0,1,7,8,2.44,4.88,92.68,1.06,-0.6,-0.46
2020-03-14,102,2,4,4,96,96,20,0,0,1,19,20,1.96,3.92,94.12,-0.48,-0.96,1.43
2020-03-15,113,2,13,6,105,98,11,0,9,2,9,2,1.77,11.5,86.73,-0.18,7.58,-7.39
2020-03-16,119,2,13,8,109,104,6,0,0,2,4,6,1.68,10.92,87.39,-0.09,-0.58,0.65
2020-03-17,142,3,14,11,128,125,23,1,1,3,19,21,2.11,9.86,88.03,0.42,-1.06,0.64
2020-03-18,156,3,14,14,139,139,14,0,0,3,11,14,1.92,8.97,89.1,-0.18,-0.88,1.06
2020-03-19,194,4,15,18,172,175,38,1,1,4,33,36,2.06,7.73,90.21,0.14,-1.24,1.1
2020-03-20,244,5,20,23,216,219,50,1,5,5,44,44,2.05,8.2,89.75,-0.01,0.46,-0.45
2020-03-21,330,4,23,29,297,303,86,-1,3,6,81,84,1.21,6.97,91.82,-0.83,-1.22,2.06
2020-03-22,396,7,27,36,353,362,66,3,4,7,56,59,1.77,6.82,91.41,0.56,-0.14,-0.4
2020-03-23,499,10,27,44,445,462,103,3,0,8,92,100,2.0,5.41,92.59,0.23,-1.41,1.18
2020-03-24,536,10,40,54,472,486,37,0,13,10,27,24,1.87,7.46,90.67,-0.12,2.04,-1.92
2020-03-25,657,12,43,66,579,602,121,2,3,12,107,116,1.83,6.54,91.63,-0.04,-0.92,0.95
2020-03-26,727,20,45,80,627,662,70,8,2,14,48,60,2.75,6.19,91.06,0.92,-0.34,-0.56
2020-03-27,887,20,73,96,771,794,160,0,28,16,144,132,2.25,8.23,89.52,-0.5,2.04,-1.54
2020-03-28,987,24,84,115,848,879,100,4,11,19,77,85,2.43,8.51,89.06,0.18,0.27,-0.45
2020-03-29,1024,27,95,137,860,902,37,3,11,22,12,23,2.64,9.28,88.09,0.2,0.76,-0.96
2020-03-30,1251,32,102,163,1056,1117,227,5,7,26,196,215,2.56,8.15,89.29,-0.08,-1.12,1.2
2020-03-31,1397,35,123,193,1169,1239,146,3,21,30,113,122,2.51,8.8,88.69,-0.05,0.65,-0.6
2020-04-01,1998,58,148,228,1712,1792,601,23,25,35,543,553,2.9,7.41,89.69,0.39,-1.39,1.0
2020-04-02,2543,72,191,268,2203,2280,545,14,43,40,491,488,2.83,7.51,89.66,-0.06,0.09,-0.03
2020-04-03,2567,72,192,314,2181,2303,24,0,1,46,-22,23,2.8,7.48,89.72,-0.03,-0.02,0.06
2020-04-04,3082,86,229,367,2629,2767,515,14,37,53,448,464,2.79,7.43,89.78,0.0,-0.05,0.06
2020-04-05,3588,99,229,428,3061,3260,506,13,0,61,432,493,2.76,6.38,90.86,-0.03,-1.04,1.07
2020-04-06,4778,136,375,497,4145,4267,1190,37,146,69,1084,1007,2.85,7.85,89.31,0.09,1.46,-1.54
2020-04-07,5311,150,421,575,4586,4740,533,14,46,78,441,473,2.82,7.93,89.25,-0.03,0.08,-0.06
2020-04-08,5916,178,506,663,5075,5232,605,28,85,88,489,492,3.01,8.55,88.44,0.18,0.62,-0.81
2020-04-09,6725,226,620,762,5737,5879,809,48,114,99,662,647,3.36,9.22,87.42,0.35,0.67,-1.01
2020-04-10,7598,246,774,873,6479,6578,873,20,154,111,742,699,3.24,10.19,86.58,-0.11,0.96,-0.84
2020-04-11,8446,288,969,997,7161,7189,848,42,195,124,682,611,3.41,11.47,85.12,0.16,1.28,-1.45
2020-04-12,9205,331,1080,1136,7738,7794,759,43,111,139,577,605,3.6,11.73,84.67,0.18,0.25,-0.45
2020-04-13,10453,358,1181,1290,8805,8914,1248,27,101,154,1067,1120,3.42,11.3,85.28,-0.18,-0.42,0.6
2020-04-14,11487,393,1359,1460,9634,9735,1034,35,178,170,829,821,3.42,11.83,84.75,0.0,0.52,-0.53
2020-04-15,12322,405,1432,1648,10269,10485,835,12,73,188,635,750,3.29,11.62,85.09,-0.12,-0.21,0.34
2020-04-16,13430,448,1768,1854,11128,11214,1108,43,336,206,859,729,3.34,13.16,83.5,0.04,1.54,-1.59
2020-04-17,14352,486,2041,2079,11787,11825,922,38,273,225,659,611,3.39,14.22,82.39,0.05,1.06,-1.1
2020-04-18,15722,521,2463,2324,12877,12738,1370,35,422,245,1090,913,3.31,15.67,81.02,-0.08,1.44,-1.37
2020-04-19,17615,559,2854,2590,14466,14202,1893,38,391,266,1589,1464,3.17,16.2,80.62,-0.14,0.52,-0.39
2020-04-20,17615,559,2854,2877,14179,14202,0,0,0,287,-287,0,3.17,16.2,80.62,0.0,0.0,0.0
