,Total Confirmed,Total Deaths,Total Recovered,Total Recovered_Est,Total Active_Est,Total Active,Daily New Confirmed,Daily New Deaths,Daily New Recovered,Daily New Recovered_Est,Daily New Active_Est,Daily New Active,Total Mortality_Rate,Total Recovery_Rate,Total Activity_Rate,Change in Mortality_Rate,Change in Recovery_Rate,Change in Activity_Rate
2020-01-22,0,0,0,0,0,0,0,0,0,0,0,0,0.0,0.0,0.0,0.0,0.0,0.0
2020-01-23,0,0,0,0,0,0,0,0,0,0,0,0,0.0,0.0,0.0,0.0,0.0,0.0
2020-01-24,0,0,0,0,0,0,0,0,0,0,0,0,0.0,0.0,0.0,0.0,0.0,0.0
2020-01-25,0,0,0,0,0,0,0,0,0,0,0,0,0.0,0.0,0.0,0.0,0.0,0.0
2020-01-26,0,0,0,0,0,0,0,0,0,0,0,0,0.0,0.0,0.0,0.0,0.0,0.0
2020-01-27,0,0,0,0,0,0,0,0,0,0,0,0,0.0,0.0,0.0,0.0,0.0,0.0
2020-01-28,0,0,0,0,0,0,0,0,0,0,0,0,0.0,0.0,0.0,0.0,0.0,0.0
2020-01-29,0,0,0,0,0,0,0,0,0,0,0,0,0.0,0.0,0.0,0.0,0.0,0.0
2020-01-30,0,0,0,0,0,0,0,0,0,0,0,0,0.0,0.0,0.0,0.0,0.0,0.0
2020-01-31,0,0,0,0,0,0,0,0,0,0,0,0,0.0,0.0,0.0,0.0,0.0,0.0
2020-02-01,0,0,0,0,0,0,0,0,0,0,0,0,0.0,0.0,0.0,0.0,0.0,0.0
2020-02-02,0,0,0,0,0,0,0,0,0,0,0,0,0.0,0.0,0.0,0.0,0.0,0.0
2020-02-03,0,0,0,0,0,0,0,0,0,0,0,0,0.0,0.0,0.0,0.0,0.0,0.0
2020-02-04,0,0,0,0,0,0,0,0,0,0,0,0,0.0,0.0,0.0,0.0,0.0,0.0
2020-02-05,0,0,0,0,0,0,0,0,0,0,0,0,0.0,0.0,0.0,0.0,0.0,0.0
2020-02-06,0,0,0,0,0,0,0,0,0,0,0,0,0.0,0.0,0.0,0.0,0.0,0.0
2020-02-07,0,0,0,0,0,0,0,0,0,0,0,0,0.0,0.0,0.0,0.0,0.0,0.0
2020-02-08,0,0,0,0,0,0,0,0,0,0,0,0,0.0,0.0,0.0,0.0,0.0,0.0
2020-02-09,0,0,0,0,0,0,0,0,0,0,0,0,0.0,0.0,0.0,0.0,0.0,0.0
2020-02-10,0,0,0,0,0,0,0,0,0,0,0,0,0.0,0.0,0.0,0.0,0.0,0.0
2020-02-11,0,0,0,0,0,0,0,0,0,0,0,0,0.0,0.0,0.0,0.0,0.0,0.0
2020-02-12,0,0,0,0,0,0,0,0,0,0,0,0,0.0,0.0,0.0,0.0,0.0,0.0
2020-02-13,0,0,0,0,0,0,0,0,0,0,0,0,0.0,0.0,0.0,0.0,0.0,0.0
2020-02-14,0,0,0,0,0,0,0,0,0,0,0,0,0.0,0.0,0.0,0.0,0.0,0.0
2020-02-15,0,0,0,0,0,0,0,0,0,0,0,0,0.0,0.0,0.0,0.0,0.0,0.0
2020-02-16,0,0,0,0,0,0,0,0,0,0,0,0,0.0,0.0,0.0,0.0,0.0,0.0
2020-02-17,0,0,0,1,-1,0,0,0,0,1,-1,0,0.0,0.0,0.0,0.0,0.0,0.0
2020-02-18,0,0,0,2,-2,0,0,0,0,1,-1,0,0.0,0.0,0.0,0.0,0.0,0.0
2020-02-19,2,2,0,4,-4,0,2,2,0,2,-2,0,100.0,0.0,0.0,100.0,0.0,0.0
2020-02-20,5,2,0,6,-3,3,3,0,0,2,1,3,40.0,0.0,60.0,-60.0,0.0,60.0
2020-02-21,18,4,0,9,5,14,13,2,0,3,8,11,22.22,0.0,77.78,-17.78,0.0,17.78
2020-02-22,28,5,0,13,10,23,10,1,0,4,5,9,17.86,0.0,82.14,-4.35,0.0,4.35
2020-02-23,43,8,0,18,17,35,15,3,0,5,7,12,18.6,0.0,81.4,0.74,0.0,-0.73
2020-02-24,61,12,0,25,24,49,18,4,0,7,7,14,19.67,0.0,80.33,1.07,0.0,-1.07
2020-02-25,95,16,0,33,46,79,34,4,0,8,22,30,16.84,0.0,83.16,-2.83,0.0,2.82
2020-02-26,139,19,49,43,77,71,44,3,49,10,31,-8,13.67,35.25,51.08,-3.17,35.25,-32.08
2020-02-27,245,26,49,56,163,170,106,7,0,13,86,99,10.61,20.0,69.39,-3.06,-15.25,18.31
2020-02-28,388,34,73,72,282,281,143,8,24,16,119,111,8.76,18.81,72.42,-1.84,-1.19,3.03
2020-02-29,593,43,123,92,458,427,205,9,50,20,176,146,7.25,20.74,72.01,-1.5,1.92,-0.4
2020-03-01,978,54,175,116,808,749,385,11,52,24,350,322,5.52,17.89,76.58,-1.73,-2.84,4.56
2020-03-02,1501,66,291,145,1290,1144,523,12,116,29,482,395,4.4,19.39,76.22,-1.11,1.5,-0.35
2020-03-03,2336,77,291,180,2079,1968,835,11,0,35,789,824,3.3,12.46,84.25,-1.1,-6.93,8.03
2020-03-04,2922,92,552,222,2608,2278,586,15,261,42,529,310,3.15,18.89,77.96,-0.14,6.43,-6.29
2020-03-05,3513,107,739,271,3135,2667,591,15,187,49,527,389,3.05,21.04,75.92,-0.1,2.14,-2.03
2020-03-06,4747,124,913,329,4294,3710,1234,17,174,58,1159,1043,2.61,19.23,78.15,-0.43,-1.8,2.23
2020-03-07,5823,145,1669,397,5281,4009,1076,21,756,68,987,299,2.49,28.66,68.85,-0.11,9.43,-9.3
2020-03-08,6566,194,2134,477,5895,4238,743,49,465,80,614,229,2.95,32.5,64.54,0.46,3.84,-4.3
2020-03-09,7161,237,2394,570,6354,4530,595,43,260,93,459,292,3.31,33.43,63.26,0.35,0.92,-1.28
2020-03-10,8042,291,2731,677,7074,5020,881,54,337,107,720,490,3.62,33.96,62.42,0.31,0.53,-0.83
2020-03-11,9000,354,2959,801,7845,5687,958,63,228,124,771,667,3.93,32.88,63.19,0.31,-1.07,0.76
2020-03-12,10075,429,2959,943,8703,6687,1075,75,0,142,858,1000,4.26,29.37,66.37,0.32,-3.51,3.18
2020-03-13,11364,514,2959,1105,9745,7891,1289,85,0,162,1042,1204,4.52,26.04,69.44,0.25,-3.33,3.06
2020-03-14,12729,611,2959,1288,10830,9159,1365,97,0,183,1085,1268,4.8,23.25,71.95,0.28,-2.78,2.51
2020-03-15,13938,724,4590,1495,11719,8624,1209,113,1631,207,889,-535,5.19,32.93,61.87,0.39,9.68,-10.08
2020-03-16,14991,853,4590,1728,12410,9548,1053,129,0,233,691,924,5.69,30.62,63.69,0.5,-2.3,1.82
2020-03-17,16169,988,5389,1988,13193,9792,1178,135,799,260,783,244,6.11,33.33,60.56,0.41,2.7,-3.12
2020-03-18,17361,1135,5389,2278,13948,10837,1192,147,0,290,755,1045,6.54,31.04,62.42,0.42,-2.28,1.85
2020-03-19,18407,1284,5710,2599,14524,11413,1046,149,321,321,576,576,6.98,31.02,62.0,0.44,-0.01,-0.42
2020-03-20,19644,1433,6745,2954,15257,11466,1237,149,1035,355,733,53,7.29,34.34,58.37,0.3,3.32,-3.63
2020-03-21,20610,1556,7635,3344,15710,11419,966,123,890,390,453,-47,7.55,37.05,55.41,0.25,2.7,-2.96
2020-03-22,21638,1685,7931,3772,16181,12022,1028,129,296,428,471,603,7.79,36.65,55.56,0.24,-0.39,0.15
2020-03-23,23049,1812,7931,4239,16998,13306,1411,127,0,467,817,1284,7.86,34.41,57.73,0.07,-2.24,2.16
2020-03-24,24811,1934,8913,4747,18130,13964,1762,122,982,508,1132,658,7.79,35.92,56.28,-0.07,1.51,-1.44
2020-03-25,27017,2077,9625,5298,19642,15315,2206,143,712,551,1512,1351,7.69,35.63,56.69,-0.09,-0.28,0.4
2020-03-26,29406,2234,10457,5894,21278,16715,2389,157,832,596,1636,1400,7.6,35.56,56.84,-0.09,-0.07,0.15
2020-03-27,32332,2378,11133,6536,23418,18821,2926,144,676,642,2140,2106,7.35,34.43,58.21,-0.25,-1.13,1.36
2020-03-28,35408,2517,11679,7226,25665,21212,3076,139,546,690,2247,2391,7.11,32.98,59.91,-0.23,-1.45,1.69
2020-03-29,38309,2640,12391,7965,27704,23278,2901,123,712,739,2039,2066,6.89,32.34,60.76,-0.22,-0.63,0.85
2020-03-30,41495,2757,13911,8755,29983,24827,3186,117,1520,790,2279,1549,6.64,33.52,59.83,-0.25,1.17,-0.92
2020-03-31,44605,2898,14656,9597,32110,27051,3110,141,745,842,2127,2224,6.5,32.86,60.65,-0.13,-0.66,0.82
2020-04-01,47593,3036,15473,10493,34064,29084,2988,138,817,896,1954,2033,6.38,32.51,61.11,-0.12,-0.35,0.46
2020-04-02,50468,3160,16711,11444,35864,30597,2875,124,1238,951,1800,1513,6.26,33.11,60.63,-0.12,0.6,-0.47
2020-04-03,53183,3294,17935,12450,37439,31954,2715,134,1224,1006,1575,1357,6.19,33.72,60.08,-0.06,0.6,-0.55
2020-04-04,55743,3452,19736,13513,38778,32555,2560,158,1801,1063,1339,601,6.19,35.41,58.4,0.0,1.68,-1.67
2020-04-05,58226,3603,19736,14633,39990,34887,2483,151,0,1120,1212,2332,6.19,33.9,59.92,0.0,-1.5,1.52
2020-04-06,60500,3739,24236,15810,40951,32525,2274,136,4500,1177,961,-2362,6.18,40.06,53.76,-0.01,6.16,-6.16
2020-04-07,62589,3872,27039,17045,41672,31678,2089,133,2803,1235,721,-847,6.19,43.2,50.61,0.01,3.14,-3.14
2020-04-08,64586,3993,29812,18337,42256,30781,1997,121,2773,1292,584,-897,6.18,46.16,47.66,-0.01,2.95,-2.95
2020-04-09,66220,4110,32309,19687,42423,29801,1634,117,2497,1350,167,-980,6.21,48.79,45.0,0.03,2.63,-2.65
2020-04-10,68192,4232,35465,21094,42866,28495,1972,122,3156,1407,443,-1306,6.21,52.01,41.79,0.0,3.21,-3.21
2020-04-11,70029,4357,41947,22556,43116,23725,1837,125,6482,1462,250,-4770,6.22,59.9,33.88,0.0,7.89,-7.9
2020-04-12,71686,4474,43894,24073,43139,23318,1657,117,1947,1517,23,-407,6.24,61.23,32.53,0.02,1.32,-1.35
2020-04-13,73303,4585,45983,25642,43076,22735,1617,111,2089,1569,-63,-583,6.25,62.73,31.02,0.0,1.5,-1.51
2020-04-14,74877,4683,48129,27261,42933,22065,1574,98,2146,1619,-143,-670,6.25,64.28,29.47,0.0,1.55,-1.55
2020-04-15,76389,4777,49933,28928,42684,21679,1512,94,1804,1667,-249,-386,6.25,65.37,28.38,0.0,1.09,-1.08
2020-04-16,77995,4869,52229,30639,42487,20897,1606,92,2296,1711,-197,-782,6.24,66.96,26.79,0.0,1.58,-1.59
2020-04-17,79494,4958,54064,32391,42145,20472,1499,89,1835,1752,-342,-425,6.24,68.01,25.75,0.0,1.05,-1.03
2020-04-18,80868,5031,55987,34179,41658,19850,1374,73,1923,1788,-487,-622,6.22,69.23,24.55,-0.02,1.21,-1.19
2020-04-19,82211,5118,57023,35998,41095,20070,1343,87,1036,1819,-563,220,6.23,69.36,24.41,0.01,0.12,-0.14
2020-04-20,82211,5118,57023,37844,39249,20070,0,0,0,1846,-1846,0,6.23,69.36,24.41,0.0,0.0,0.0
