,Total Confirmed,Total Deaths,Total Recovered,Total Recovered_Est,Total Active_Est,Total Active,Daily New Confirmed,Daily New Deaths,Daily New Recovered,Daily New Recovered_Est,Daily New Active_Est,Daily New Active,Total Mortality_Rate,Total Recovery_Rate,Total Activity_Rate,Change in Mortality_Rate,Change in Recovery_Rate,Change in Activity_Rate
2020-01-22,0,0,0,0,0,0,0,0,0,0,0,0,0.0,0.0,0.0,0.0,0.0,0.0
2020-01-23,0,0,0,0,0,0,0,0,0,0,0,0,0.0,0.0,0.0,0.0,0.0,0.0
2020-01-24,0,0,0,0,0,0,0,0,0,0,0,0,0.0,0.0,0.0,0.0,0.0,0.0
2020-01-25,0,0,0,0,0,0,0,0,0,0,0,0,0.0,0.0,0.0,0.0,0.0,0.0
2020-01-26,0,0,0,0,0,0,0,0,0,0,0,0,0.0,0.0,0.0,0.0,0.0,0.0
2020-01-27,0,0,0,0,0,0,0,0,0,0,0,0,0.0,0.0,0.0,0.0,0.0,0.0
2020-01-28,0,0,0,0,0,0,0,0,0,0,0,0,0.0,0.0,0.0,0.0,0.0,0.0
2020-01-29,0,0,0,0,0,0,0,0,0,0,0,0,0.0,0.0,0.0,0.0,0.0,0.0
2020-01-30,0,0,0,0,0,0,0,0,0,0,0,0,0.0,0.0,0.0,0.0,0.0,0.0
2020-01-31,0,0,0,0,0,0,0,0,0,0,0,0,0.0,0.0,0.0,0.0,0.0,0.0
2020-02-01,0,0,0,0,0,0,0,0,0,0,0,0,0.0,0.0,0.0,0.0,0.0,0.0
2020-02-02,0,0,0,0,0,0,0,0,0,0,0,0,0.0,0.0,0.0,0.0,0.0,0.0
2020-02-03,0,0,0,0,0,0,0,0,0,0,0,0,0.0,0.0,0.0,0.0,0.0,0.0
2020-02-04,0,0,0,0,0,0,0,0,0,0,0,0,0.0,0.0,0.0,0.0,0.0,0.0
2020-02-05,0,0,0,0,0,0,0,0,0,0,0,0,0.0,0.0,0.0,0.0,0.0,0.0
2020-02-06,0,0,0,0,0,0,0,0,0,0,0,0,0.0,0.0,0.0,0.0,0.0,0.0
2020-02-07,0,0,0,0,0,0,0,0,0,0,0,0,0.0,0.0,0.0,0.0,0.0,0.0
2020-02-08,0,0,0,0,0,0,0,0,0,0,0,0,0.0,0.0,0.0,0.0,0.0,0.0
2020-02-09,0,0,0,0,0,0,0,0,0,0,0,0,0.0,0.0,0.0,0.0,0.0,0.0
2020-02-10,0,0,0,0,0,0,0,0,0,0,0,0,0.0,0.0,0.0,0.0,0.0,0.0
2020-02-11,0,0,0,0,0,0,0,0,0,0,0,0,0.0,0.0,0.0,0.0,0.0,0.0
2020-02-12,0,0,0,0,0,0,0,0,0,0,0,0,0.0,0.0,0.0,0.0,0.0,0.0
2020-02-13,0,0,0,0,0,0,0,0,0,0,0,0,0.0,0.0,0.0,0.0,0.0,0.0
2020-02-14,0,0,0,0,0,0,0,0,0,0,0,0,0.0,0.0,0.0,0.0,0.0,0.0
2020-02-15,0,0,0,0,0,0,0,0,0,0,0,0,0.0,0.0,0.0,0.0,0.0,0.0
2020-02-16,0,0,0,0,0,0,0,0,0,0,0,0,0.0,0.0,0.0,0.0,0.0,0.0
2020-02-17,0,0,0,0,0,0,0,0,0,0,0,0,0.0,0.0,0.0,0.0,0.0,0.0
2020-02-18,0,0,0,0,0,0,0,0,0,0,0,0,0.0,0.0,0.0,0.0,0.0,0.0
2020-02-19,0,0,0,0,0,0,0,0,0,0,0,0,0.0,0.0,0.0,0.0,0.0,0.0
2020-02-20,0,0,0,0,0,0,0,0,0,0,0,0,0.0,0.0,0.0,0.0,0.0,0.0
2020-02-21,0,0,0,0,0,0,0,0,0,0,0,0,0.0,0.0,0.0,0.0,0.0,0.0
2020-02-22,0,0,0,0,0,0,0,0,0,0,0,0,0.0,0.0,0.0,0.0,0.0,0.0
2020-02-23,0,0,0,0,0,0,0,0,0,0,0,0,0.0,0.0,0.0,0.0,0.0,0.0
2020-02-24,0,0,0,0,0,0,0,0,0,0,0,0,0.0,0.0,0.0,0.0,0.0,0.0
2020-02-25,0,0,0,0,0,0,0,0,0,0,0,0,0.0,0.0,0.0,0.0,0.0,0.0
2020-02-26,0,0,0,0,0,0,0,0,0,0,0,0,0.0,0.0,0.0,0.0,0.0,0.0
2020-02-27,0,0,0,0,0,0,0,0,0,0,0,0,0.0,0.0,0.0,0.0,0.0,0.0
2020-02-28,0,0,0,0,0,0,0,0,0,0,0,0,0.0,0.0,0.0,0.0,0.0,0.0
2020-02-29,0,0,0,0,0,0,0,0,0,0,0,0,0.0,0.0,0.0,0.0,0.0,0.0
2020-03-01,0,0,0,0,0,0,0,0,0,0,0,0,0.0,0.0,0.0,0.0,0.0,0.0
2020-03-02,1,0,0,0,1,1,1,0,0,0,1,1,0.0,0.0,100.0,0.0,0.0,100.0
2020-03-03,1,0,0,0,1,1,0,0,0,0,0,0,0.0,0.0,100.0,0.0,0.0,0.0
2020-03-04,1,0,0,0,1,1,0,0,0,0,0,0,0.0,0.0,100.0,0.0,0.0,0.0
2020-03-05,1,0,0,0,1,1,0,0,0,0,0,0,0.0,0.0,100.0,0.0,0.0,0.0
2020-03-06,1,0,0,0,1,1,0,0,0,0,0,0,0.0,0.0,100.0,0.0,0.0,0.0
2020-03-07,1,0,0,0,1,1,0,0,0,0,0,0,0.0,0.0,100.0,0.0,0.0,0.0
2020-03-08,1,0,0,0,1,1,0,0,0,0,0,0,0.0,0.0,100.0,0.0,0.0,0.0
2020-03-09,1,0,0,0,1,1,0,0,0,0,0,0,0.0,0.0,100.0,0.0,0.0,0.0
2020-03-10,1,0,0,0,1,1,0,0,0,0,0,0,0.0,0.0,100.0,0.0,0.0,0.0
2020-03-11,1,0,0,0,1,1,0,0,0,0,0,0,0.0,0.0,100.0,0.0,0.0,0.0
2020-03-12,1,0,1,0,1,0,0,0,1,0,0,-1,0.0,100.0,0.0,0.0,100.0,-100.0
2020-03-13,1,0,0,0,1,1,0,0,-1,0,0,1,0.0,0.0,100.0,0.0,-100.0,100.0
2020-03-14,1,0,1,0,1,0,0,0,1,0,0,-1,0.0,100.0,0.0,0.0,100.0,-100.0
2020-03-15,1,0,1,0,1,0,0,0,0,0,0,0,0.0,100.0,0.0,0.0,0.0,0.0
2020-03-16,2,0,1,0,2,1,1,0,0,0,1,1,0.0,50.0,50.0,0.0,-50.0,50.0
2020-03-17,39,0,1,0,39,38,37,0,0,0,37,37,0.0,2.56,97.44,0.0,-47.44,47.44
2020-03-18,39,0,1,0,39,38,0,0,0,0,0,0,0.0,2.56,97.44,0.0,0.0,0.0
2020-03-19,53,0,1,0,53,52,14,0,0,0,14,14,0.0,1.89,98.11,0.0,-0.67,0.67
2020-03-20,75,0,1,1,74,74,22,0,0,1,21,22,0.0,1.33,98.67,0.0,-0.55,0.56
2020-03-21,88,0,1,2,86,87,13,0,0,1,12,13,0.0,1.14,98.86,0.0,-0.19,0.18
2020-03-22,113,1,1,3,109,111,25,1,0,1,23,24,0.88,0.88,98.23,0.88,-0.25,-0.62
2020-03-23,133,1,1,4,128,131,20,0,0,1,19,20,0.75,0.75,98.5,-0.13,-0.13,0.26
2020-03-24,164,1,1,6,157,162,31,0,0,2,29,31,0.61,0.61,98.78,-0.14,-0.14,0.28
2020-03-25,188,1,1,8,179,186,24,0,0,2,22,24,0.53,0.53,98.94,-0.07,-0.07,0.15
2020-03-26,224,3,1,10,211,220,36,2,0,2,32,34,1.34,0.45,98.21,0.81,-0.08,-0.73
2020-03-27,267,3,1,13,251,263,43,0,0,3,40,43,1.12,0.37,98.5,-0.21,-0.08,0.29
2020-03-28,308,3,1,16,289,304,41,0,0,3,38,41,0.97,0.32,98.7,-0.15,-0.04,0.2
2020-03-29,334,6,1,20,308,327,26,3,0,4,19,23,1.8,0.3,97.9,0.83,-0.02,-0.79
2020-03-30,370,8,10,24,338,352,36,2,9,4,30,25,2.16,2.7,95.14,0.36,2.4,-2.76
2020-03-31,376,12,10,29,335,354,6,4,0,5,-3,2,3.19,2.66,94.15,1.02,-0.04,-0.98
2020-04-01,390,14,10,34,342,366,14,2,0,5,7,12,3.59,2.56,93.85,0.39,-0.1,-0.3
2020-04-02,428,15,10,40,373,403,38,1,0,6,31,37,3.5,2.34,94.16,-0.08,-0.22,0.31
2020-04-03,439,16,16,47,376,407,11,1,6,7,3,4,3.64,3.64,92.71,0.14,1.3,-1.45
2020-04-04,466,17,21,54,395,428,27,1,5,7,19,21,3.65,4.51,91.85,0.0,0.86,-0.85
2020-04-05,501,18,26,62,421,457,35,1,5,8,26,29,3.59,5.19,91.22,-0.06,0.68,-0.62
2020-04-06,525,21,31,71,433,473,24,3,5,9,12,16,4.0,5.9,90.1,0.41,0.71,-1.12
2020-04-07,545,22,39,81,442,484,20,1,8,10,9,11,4.04,7.16,88.81,0.04,1.25,-1.28
2020-04-08,564,23,52,91,450,489,19,1,13,10,8,5,4.08,9.22,86.7,0.04,2.06,-2.1
2020-04-09,583,25,58,102,456,500,19,2,6,11,6,11,4.29,9.95,85.76,0.2,0.72,-0.93
2020-04-10,601,26,71,114,461,504,18,1,13,12,5,4,4.33,11.81,83.86,0.04,1.86,-1.9
2020-04-11,601,26,71,127,448,504,0,0,0,13,-13,0,4.33,11.81,83.86,0.0,0.0,0.0
2020-04-12,638,29,128,141,468,481,37,3,57,14,20,-23,4.55,20.06,75.39,0.21,8.24,-8.46
2020-04-13,646,29,128,155,462,489,8,0,0,14,-6,8,4.49,19.81,75.7,-0.05,-0.25,0.31
2020-04-14,659,31,128,170,458,500,13,2,0,15,-4,11,4.7,19.42,75.87,0.2,-0.38,0.17
2020-04-15,673,33,169,186,454,471,14,2,41,16,-4,-29,4.9,25.11,69.99,0.2,5.68,-5.88
2020-04-16,673,33,169,202,438,471,0,0,0,16,-16,0,4.9,25.11,69.99,0.0,0.0,0.0
2020-04-17,696,35,191,219,442,470,23,2,22,17,4,-1,5.03,27.44,67.53,0.12,2.33,-2.45
2020-04-18,704,35,205,236,433,464,8,0,14,17,-9,-6,4.97,29.12,65.91,-0.06,1.67,-1.62
2020-04-19,713,36,235,254,423,442,9,1,30,18,-10,-22,5.05,32.96,61.99,0.08,3.84,-3.91
2020-04-20,713,36,235,272,405,442,0,0,0,18,-18,0,5.05,32.96,61.99,0.0,0.0,0.0
