,Total Confirmed,Total Deaths,Total Recovered,Total Recovered_Est,Total Active_Est,Total Active,Daily New Confirmed,Daily New Deaths,Daily New Recovered,Daily New Recovered_Est,Daily New Active_Est,Daily New Active,Total Mortality_Rate,Total Recovery_Rate,Total Activity_Rate,Change in Mortality_Rate,Change in Recovery_Rate,Change in Activity_Rate
2020-01-22,0,0,0,0,0,0,0,0,0,0,0,0,0.0,0.0,0.0,0.0,0.0,0.0
2020-01-23,0,0,0,0,0,0,0,0,0,0,0,0,0.0,0.0,0.0,0.0,0.0,0.0
2020-01-24,0,0,0,0,0,0,0,0,0,0,0,0,0.0,0.0,0.0,0.0,0.0,0.0
2020-01-25,0,0,0,0,0,0,0,0,0,0,0,0,0.0,0.0,0.0,0.0,0.0,0.0
2020-01-26,0,0,0,0,0,0,0,0,0,0,0,0,0.0,0.0,0.0,0.0,0.0,0.0
2020-01-27,0,0,0,0,0,0,0,0,0,0,0,0,0.0,0.0,0.0,0.0,0.0,0.0
2020-01-28,0,0,0,0,0,0,0,0,0,0,0,0,0.0,0.0,0.0,0.0,0.0,0.0
2020-01-29,0,0,0,0,0,0,0,0,0,0,0,0,0.0,0.0,0.0,0.0,0.0,0.0
2020-01-30,0,0,0,0,0,0,0,0,0,0,0,0,0.0,0.0,0.0,0.0,0.0,0.0
2020-01-31,0,0,0,0,0,0,0,0,0,0,0,0,0.0,0.0,0.0,0.0,0.0,0.0
2020-02-01,0,0,0,0,0,0,0,0,0,0,0,0,0.0,0.0,0.0,0.0,0.0,0.0
2020-02-02,0,0,0,0,0,0,0,0,0,0,0,0,0.0,0.0,0.0,0.0,0.0,0.0
2020-02-03,0,0,0,0,0,0,0,0,0,0,0,0,0.0,0.0,0.0,0.0,0.0,0.0
2020-02-04,0,0,0,0,0,0,0,0,0,0,0,0,0.0,0.0,0.0,0.0,0.0,0.0
2020-02-05,0,0,0,0,0,0,0,0,0,0,0,0,0.0,0.0,0.0,0.0,0.0,0.0
2020-02-06,0,0,0,0,0,0,0,0,0,0,0,0,0.0,0.0,0.0,0.0,0.0,0.0
2020-02-07,0,0,0,0,0,0,0,0,0,0,0,0,0.0,0.0,0.0,0.0,0.0,0.0
2020-02-08,0,0,0,0,0,0,0,0,0,0,0,0,0.0,0.0,0.0,0.0,0.0,0.0
2020-02-09,0,0,0,0,0,0,0,0,0,0,0,0,0.0,0.0,0.0,0.0,0.0,0.0
2020-02-10,0,0,0,0,0,0,0,0,0,0,0,0,0.0,0.0,0.0,0.0,0.0,0.0
2020-02-11,0,0,0,0,0,0,0,0,0,0,0,0,0.0,0.0,0.0,0.0,0.0,0.0
2020-02-12,0,0,0,0,0,0,0,0,0,0,0,0,0.0,0.0,0.0,0.0,0.0,0.0
2020-02-13,0,0,0,0,0,0,0,0,0,0,0,0,0.0,0.0,0.0,0.0,0.0,0.0
2020-02-14,0,0,0,0,0,0,0,0,0,0,0,0,0.0,0.0,0.0,0.0,0.0,0.0
2020-02-15,0,0,0,0,0,0,0,0,0,0,0,0,0.0,0.0,0.0,0.0,0.0,0.0
2020-02-16,0,0,0,0,0,0,0,0,0,0,0,0,0.0,0.0,0.0,0.0,0.0,0.0
2020-02-17,0,0,0,0,0,0,0,0,0,0,0,0,0.0,0.0,0.0,0.0,0.0,0.0
2020-02-18,0,0,0,0,0,0,0,0,0,0,0,0,0.0,0.0,0.0,0.0,0.0,0.0
2020-02-19,0,0,0,0,0,0,0,0,0,0,0,0,0.0,0.0,0.0,0.0,0.0,0.0
2020-02-20,0,0,0,0,0,0,0,0,0,0,0,0,0.0,0.0,0.0,0.0,0.0,0.0
2020-02-21,0,0,0,0,0,0,0,0,0,0,0,0,0.0,0.0,0.0,0.0,0.0,0.0
2020-02-22,0,0,0,0,0,0,0,0,0,0,0,0,0.0,0.0,0.0,0.0,0.0,0.0
2020-02-23,0,0,0,0,0,0,0,0,0,0,0,0,0.0,0.0,0.0,0.0,0.0,0.0
2020-02-24,0,0,0,0,0,0,0,0,0,0,0,0,0.0,0.0,0.0,0.0,0.0,0.0
2020-02-25,0,0,0,0,0,0,0,0,0,0,0,0,0.0,0.0,0.0,0.0,0.0,0.0
2020-02-26,1,0,0,0,1,1,1,0,0,0,1,1,0.0,0.0,100.0,0.0,0.0,100.0
2020-02-27,1,0,0,0,1,1,0,0,0,0,0,0,0.0,0.0,100.0,0.0,0.0,0.0
2020-02-28,3,0,0,0,3,3,2,0,0,0,2,2,0.0,0.0,100.0,0.0,0.0,0.0
2020-02-29,3,0,0,0,3,3,0,0,0,0,0,0,0.0,0.0,100.0,0.0,0.0,0.0
2020-03-01,3,0,0,0,3,3,0,0,0,0,0,0,0.0,0.0,100.0,0.0,0.0,0.0
2020-03-02,3,0,0,0,3,3,0,0,0,0,0,0,0.0,0.0,100.0,0.0,0.0,0.0
2020-03-03,3,0,0,0,3,3,0,0,0,0,0,0,0.0,0.0,100.0,0.0,0.0,0.0
2020-03-04,4,0,1,0,4,3,1,0,1,0,1,0,0.0,25.0,75.0,0.0,25.0,-25.0
2020-03-05,6,0,1,0,6,5,2,0,0,0,2,2,0.0,16.67,83.33,0.0,-8.32,8.32
2020-03-06,9,0,1,0,9,8,3,0,0,0,3,3,0.0,11.11,88.89,0.0,-5.56,5.56
2020-03-07,9,0,3,0,9,6,0,0,2,0,0,-2,0.0,33.33,66.67,0.0,22.22,-22.22
2020-03-08,15,0,3,0,15,12,6,0,0,0,6,6,0.0,20.0,80.0,0.0,-13.32,13.32
2020-03-09,15,0,3,0,15,12,0,0,0,0,0,0,0.0,20.0,80.0,0.0,0.0,0.0
2020-03-10,25,0,3,0,25,22,10,0,0,0,10,10,0.0,12.0,88.0,0.0,-8.0,8.0
2020-03-11,45,0,6,1,44,39,20,0,3,1,19,17,0.0,13.33,86.67,0.0,1.33,-1.32
2020-03-12,49,0,6,2,47,43,4,0,0,1,3,4,0.0,12.24,87.76,0.0,-1.08,1.09
2020-03-13,89,0,7,3,86,82,40,0,1,1,39,39,0.0,7.87,92.13,0.0,-4.37,4.36
2020-03-14,123,0,9,5,118,114,34,0,2,2,32,32,0.0,7.32,92.68,0.0,-0.54,0.55
2020-03-15,131,0,9,7,124,122,8,0,0,2,6,8,0.0,6.87,93.13,0.0,-0.45,0.44
2020-03-16,158,0,9,10,148,149,27,0,0,3,24,27,0.0,5.7,94.3,0.0,-1.17,1.17
2020-03-17,184,0,16,13,171,168,26,0,7,3,23,19,0.0,8.7,91.3,0.0,2.99,-3.0
2020-03-18,260,0,19,17,243,241,76,0,3,4,72,73,0.0,7.31,92.69,0.0,-1.38,1.39
2020-03-19,277,0,25,22,255,252,17,0,6,5,12,11,0.0,9.03,90.97,0.0,1.71,-1.71
2020-03-20,308,0,25,28,280,283,31,0,0,6,25,31,0.0,8.12,91.88,0.0,-0.91,0.9
2020-03-21,367,0,52,35,332,315,59,0,27,7,52,32,0.0,14.17,85.83,0.0,6.05,-6.04
2020-03-22,433,3,64,44,386,366,66,3,12,9,54,51,0.69,14.78,84.53,0.69,0.6,-1.29
2020-03-23,576,7,64,54,515,505,143,4,0,10,129,139,1.22,11.11,87.67,0.53,-3.67,3.14
2020-03-24,794,11,79,66,717,704,218,4,15,12,202,199,1.39,9.95,88.66,0.16,-1.16,0.98
2020-03-25,906,17,86,80,809,803,112,6,7,14,92,99,1.88,9.49,88.63,0.49,-0.45,-0.03
2020-03-26,1029,23,94,96,910,912,123,6,8,16,101,109,2.24,9.14,88.63,0.36,-0.34,0.0
2020-03-27,1292,26,115,115,1151,1151,263,3,21,19,241,239,2.01,8.9,89.09,-0.23,-0.24,0.46
2020-03-28,1452,37,139,137,1278,1276,160,11,24,22,127,125,2.55,9.57,87.88,0.54,0.67,-1.21
2020-03-29,1815,43,206,162,1610,1566,363,6,67,25,332,290,2.37,11.35,86.28,-0.17,1.77,-1.59
2020-03-30,2109,65,209,191,1853,1835,294,22,3,29,243,269,3.08,9.91,87.01,0.71,-1.43,0.73
2020-03-31,2245,82,220,224,1939,1943,136,17,11,33,86,108,3.65,9.8,86.55,0.56,-0.1,-0.46
2020-04-01,2460,92,252,261,2107,2116,215,10,32,37,168,173,3.74,10.24,86.02,0.09,0.43,-0.53
2020-04-02,2738,115,267,303,2320,2356,278,23,15,42,213,240,4.2,9.75,86.05,0.46,-0.49,0.03
2020-04-03,3183,133,283,350,2700,2767,445,18,16,47,380,411,4.18,8.89,86.93,-0.02,-0.85,0.88
2020-04-04,3613,146,329,402,3065,3138,430,13,46,52,365,371,4.04,9.11,86.85,-0.13,0.21,-0.08
2020-04-05,3864,151,374,460,3253,3339,251,5,45,58,188,201,3.91,9.68,86.41,-0.12,0.57,-0.43
2020-04-06,4057,176,406,525,3356,3475,193,25,32,65,103,136,4.34,10.01,85.65,0.42,0.33,-0.75
2020-04-07,4417,197,460,597,3623,3760,360,21,54,72,267,285,4.46,10.41,85.13,0.12,0.4,-0.52
2020-04-08,4761,220,528,676,3865,4013,344,23,68,79,242,253,4.62,11.09,84.29,0.16,0.67,-0.83
2020-04-09,5202,248,647,762,4192,4307,441,28,119,86,327,294,4.77,12.44,82.8,0.14,1.34,-1.49
2020-04-10,5467,270,729,856,4341,4468,265,22,82,94,149,161,4.94,13.33,81.73,0.17,0.89,-1.06
2020-04-11,5990,291,758,959,4740,4941,523,21,29,103,399,473,4.86,12.65,82.49,-0.08,-0.67,0.75
2020-04-12,6300,316,852,1070,4914,5132,310,25,94,111,174,191,5.02,13.52,81.46,0.15,0.86,-1.03
2020-04-13,6633,331,914,1190,5112,5388,333,15,62,120,198,256,4.99,13.78,81.23,-0.02,0.25,-0.22
2020-04-14,6879,351,1051,1319,5209,5477,246,20,137,129,97,89,5.1,15.28,79.62,0.1,1.5,-1.6
2020-04-15,7216,372,1217,1457,5387,5627,337,21,166,138,178,150,5.16,16.87,77.98,0.06,1.59,-1.64
2020-04-16,7707,392,1357,1604,5711,5958,491,20,140,147,324,331,5.09,17.61,77.31,-0.07,0.73,-0.67
2020-04-17,8067,411,1508,1760,5896,6148,360,19,151,156,185,190,5.09,18.69,76.21,0.0,1.08,-1.1
2020-04-18,8418,421,1730,1925,6072,6267,351,10,222,165,176,119,5.0,20.55,74.45,-0.08,1.85,-1.75
2020-04-19,8746,451,1892,2099,6196,6403,328,30,162,174,124,136,5.16,21.63,73.21,0.16,1.07,-1.24
2020-04-20,8746,451,1892,2281,6014,6403,0,0,0,182,-182,0,5.16,21.63,73.21,0.0,0.0,0.0
