,Total Confirmed,Total Deaths,Total Recovered,Total Recovered_Est,Total Active_Est,Total Active,Daily New Confirmed,Daily New Deaths,Daily New Recovered,Daily New Recovered_Est,Daily New Active_Est,Daily New Active,Total Mortality_Rate,Total Recovery_Rate,Total Activity_Rate,Change in Mortality_Rate,Change in Recovery_Rate,Change in Activity_Rate
2020-01-22,0,0,0,0,0,0,0,0,0,0,0,0,0.0,0.0,0.0,0.0,0.0,0.0
2020-01-23,0,0,0,0,0,0,0,0,0,0,0,0,0.0,0.0,0.0,0.0,0.0,0.0
2020-01-24,0,0,0,0,0,0,0,0,0,0,0,0,0.0,0.0,0.0,0.0,0.0,0.0
2020-01-25,0,0,0,0,0,0,0,0,0,0,0,0,0.0,0.0,0.0,0.0,0.0,0.0
2020-01-26,0,0,0,0,0,0,0,0,0,0,0,0,0.0,0.0,0.0,0.0,0.0,0.0
2020-01-27,1,0,0,0,1,1,1,0,0,0,1,1,0.0,0.0,100.0,0.0,0.0,100.0
2020-01-28,4,0,0,0,4,4,3,0,0,0,3,3,0.0,0.0,100.0,0.0,0.0,0.0
2020-01-29,4,0,0,0,4,4,0,0,0,0,0,0,0.0,0.0,100.0,0.0,0.0,0.0
2020-01-30,4,0,0,0,4,4,0,0,0,0,0,0,0.0,0.0,100.0,0.0,0.0,0.0
2020-01-31,5,0,0,0,5,5,1,0,0,0,1,1,0.0,0.0,100.0,0.0,0.0,0.0
2020-02-01,8,0,0,0,8,8,3,0,0,0,3,3,0.0,0.0,100.0,0.0,0.0,0.0
2020-02-02,10,0,0,0,10,10,2,0,0,0,2,2,0.0,0.0,100.0,0.0,0.0,0.0
2020-02-03,12,0,0,0,12,12,2,0,0,0,2,2,0.0,0.0,100.0,0.0,0.0,0.0
2020-02-04,12,0,0,0,12,12,0,0,0,0,0,0,0.0,0.0,100.0,0.0,0.0,0.0
2020-02-05,12,0,0,0,12,12,0,0,0,0,0,0,0.0,0.0,100.0,0.0,0.0,0.0
2020-02-06,12,0,0,0,12,12,0,0,0,0,0,0,0.0,0.0,100.0,0.0,0.0,0.0
2020-02-07,13,0,0,0,13,13,1,0,0,0,1,1,0.0,0.0,100.0,0.0,0.0,0.0
2020-02-08,13,0,0,0,13,13,0,0,0,0,0,0,0.0,0.0,100.0,0.0,0.0,0.0
2020-02-09,14,0,0,0,14,14,1,0,0,0,1,1,0.0,0.0,100.0,0.0,0.0,0.0
2020-02-10,14,0,0,0,14,14,0,0,0,0,0,0,0.0,0.0,100.0,0.0,0.0,0.0
2020-02-11,16,0,0,0,16,16,2,0,0,0,2,2,0.0,0.0,100.0,0.0,0.0,0.0
2020-02-12,16,0,0,0,16,16,0,0,0,0,0,0,0.0,0.0,100.0,0.0,0.0,0.0
2020-02-13,16,0,1,0,16,15,0,0,1,0,0,-1,0.0,6.25,93.75,0.0,6.25,-6.25
2020-02-14,16,0,1,0,16,15,0,0,0,0,0,0,0.0,6.25,93.75,0.0,0.0,0.0
2020-02-15,16,0,1,0,16,15,0,0,0,0,0,0,0.0,6.25,93.75,0.0,0.0,0.0
2020-02-16,16,0,1,0,16,15,0,0,0,0,0,0,0.0,6.25,93.75,0.0,0.0,0.0
2020-02-17,16,0,1,0,16,15,0,0,0,0,0,0,0.0,6.25,93.75,0.0,0.0,0.0
2020-02-18,16,0,12,0,16,4,0,0,11,0,0,-11,0.0,75.0,25.0,0.0,68.75,-68.75
2020-02-19,16,0,12,0,16,4,0,0,0,0,0,0,0.0,75.0,25.0,0.0,0.0,0.0
2020-02-20,16,0,12,0,16,4,0,0,0,0,0,0,0.0,75.0,25.0,0.0,0.0,0.0
2020-02-21,16,0,14,0,16,2,0,0,2,0,0,-2,0.0,87.5,12.5,0.0,12.5,-12.5
2020-02-22,16,0,14,1,15,2,0,0,0,1,-1,0,0.0,87.5,12.5,0.0,0.0,0.0
2020-02-23,16,0,14,2,14,2,0,0,0,1,-1,0,0.0,87.5,12.5,0.0,0.0,0.0
2020-02-24,16,0,14,3,13,2,0,0,0,1,-1,0,0.0,87.5,12.5,0.0,0.0,0.0
2020-02-25,17,0,14,4,13,3,1,0,0,1,0,1,0.0,82.35,17.65,0.0,-5.15,5.14
2020-02-26,27,0,15,6,21,12,10,0,1,2,8,9,0.0,55.56,44.44,0.0,-26.78,26.79
2020-02-27,46,0,16,8,38,30,19,0,1,2,17,18,0.0,34.78,65.22,0.0,-20.78,20.78
2020-02-28,48,0,16,11,37,32,2,0,0,3,-1,2,0.0,33.33,66.67,0.0,-1.45,1.45
2020-02-29,79,0,16,15,64,63,31,0,0,4,27,31,0.0,20.25,79.75,0.0,-13.07,13.07
2020-03-01,130,0,16,21,109,114,51,0,0,6,45,51,0.0,12.31,87.69,0.0,-7.94,7.93
2020-03-02,159,0,16,28,131,143,29,0,0,7,22,29,0.0,10.06,89.94,0.0,-2.25,2.25
2020-03-03,196,0,16,38,158,180,37,0,0,10,27,37,0.0,8.16,91.84,0.0,-1.9,1.9
2020-03-04,262,0,16,50,212,246,66,0,0,12,54,66,0.0,6.11,93.89,0.0,-2.04,2.04
2020-03-05,482,0,16,66,416,466,220,0,0,16,204,220,0.0,3.32,96.68,0.0,-2.79,2.79
2020-03-06,670,0,17,86,584,653,188,0,1,20,168,187,0.0,2.54,97.46,0.0,-0.77,0.77
2020-03-07,799,0,18,110,689,781,129,0,1,24,105,128,0.0,2.25,97.75,0.0,-0.29,0.29
2020-03-08,1040,0,18,140,900,1022,241,0,0,30,211,241,0.0,1.73,98.27,0.0,-0.52,0.51
2020-03-09,1176,2,18,177,997,1156,136,2,0,37,97,134,0.17,1.53,98.3,0.17,-0.19,0.03
2020-03-10,1457,2,18,223,1232,1437,281,0,0,46,235,281,0.14,1.24,98.63,-0.03,-0.29,0.32
2020-03-11,1908,3,25,279,1626,1880,451,1,7,56,394,443,0.16,1.31,98.53,0.01,0.07,-0.09
2020-03-12,2078,3,25,347,1728,2050,170,0,0,68,102,170,0.14,1.2,98.65,-0.01,-0.11,0.12
2020-03-13,3675,7,46,430,3238,3622,1597,4,21,83,1510,1572,0.19,1.25,98.56,0.04,0.05,-0.09
2020-03-14,4585,9,46,529,4047,4530,910,2,0,99,809,908,0.2,1.0,98.8,0.01,-0.25,0.23
2020-03-15,5795,11,46,648,5136,5738,1210,2,0,119,1089,1208,0.19,0.79,99.02,-0.01,-0.2,0.21
2020-03-16,7272,17,67,789,6466,7188,1477,6,21,141,1330,1450,0.23,0.92,98.84,0.04,0.13,-0.17
2020-03-17,9257,24,67,956,8277,9166,1985,7,0,167,1811,1978,0.26,0.72,99.02,0.03,-0.2,0.17
2020-03-18,12327,28,105,1153,11146,12194,3070,4,38,197,2869,3028,0.23,0.85,98.92,-0.03,0.13,-0.09
2020-03-19,15320,44,113,1384,13892,15163,2993,16,8,231,2746,2969,0.29,0.74,98.98,0.05,-0.1,0.06
2020-03-20,19848,67,180,1654,18127,19601,4528,23,67,270,4235,4438,0.34,0.91,98.76,0.05,0.17,-0.21
2020-03-21,22213,84,233,1968,20161,21896,2365,17,53,314,2034,2295,0.38,1.05,98.57,0.03,0.14,-0.19
2020-03-22,24873,94,266,2331,22448,24513,2660,10,33,363,2287,2617,0.38,1.07,98.55,0.0,0.02,-0.01
2020-03-23,29056,123,266,2749,26184,28667,4183,29,0,418,3736,4154,0.42,0.92,98.66,0.03,-0.15,0.1
2020-03-24,32986,157,3243,3229,29600,29586,3930,34,2977,480,3416,919,0.48,9.83,89.69,0.06,8.91,-8.96
2020-03-25,37323,206,3547,3777,33340,33570,4337,49,304,548,3740,3984,0.55,9.5,89.94,0.07,-0.33,0.25
2020-03-26,43938,267,5673,4400,39271,37998,6615,61,2126,623,5931,4428,0.61,12.91,86.48,0.05,3.41,-3.45
2020-03-27,50871,342,6658,5104,45425,43871,6933,75,985,704,6154,5873,0.67,13.09,86.24,0.06,0.17,-0.24
2020-03-28,57695,433,8481,5897,51365,48781,6824,91,1823,793,5940,4910,0.75,14.7,84.55,0.07,1.6,-1.68
2020-03-29,62095,533,9211,6786,54776,52351,4400,100,730,889,3411,3570,0.86,14.83,84.31,0.1,0.13,-0.23
2020-03-30,66885,645,13500,7779,58461,52740,4790,112,4289,993,3685,389,0.96,20.18,78.85,0.09,5.35,-5.46
2020-03-31,71808,775,16100,8882,62151,54933,4923,130,2600,1103,3690,2193,1.08,22.42,76.5,0.12,2.24,-2.34
2020-04-01,77872,920,18700,10103,66849,58252,6064,145,2600,1221,4698,3319,1.18,24.01,74.8,0.09,1.59,-1.7
2020-04-02,84794,1107,22440,11448,72239,61247,6922,187,3740,1345,5390,2995,1.31,26.46,72.23,0.13,2.44,-2.56
2020-04-03,91159,1275,24575,12923,76961,65309,6365,168,2135,1475,4722,4062,1.4,26.96,71.64,0.08,0.5,-0.59
2020-04-04,96092,1444,26400,14533,80115,68248,4933,169,1825,1610,3154,2939,1.5,27.47,71.02,0.1,0.5,-0.62
2020-04-05,100123,1584,28700,16283,82256,69839,4031,140,2300,1750,2141,1591,1.58,28.66,69.75,0.08,1.19,-1.26
2020-04-06,103374,1810,28700,18177,83387,72864,3251,226,0,1894,1131,3025,1.75,27.76,70.49,0.16,-0.89,0.73
2020-04-07,107663,2016,36081,20218,85429,69566,4289,206,7381,2041,2042,-3298,1.87,33.51,64.61,0.12,5.74,-5.87
2020-04-08,113296,2349,46300,22407,88540,64647,5633,333,10219,2189,3111,-4919,2.07,40.87,57.06,0.19,7.36,-7.54
2020-04-09,118181,2607,52407,24744,90830,63167,4885,258,6107,2337,2290,-1480,2.21,44.34,53.45,0.14,3.47,-3.6
2020-04-10,122171,2767,53913,27229,92175,65491,3990,160,1506,2485,1345,2324,2.26,44.13,53.61,0.04,-0.21,0.15
2020-04-11,124908,2736,57400,29860,92312,64772,2737,-31,3487,2631,137,-719,2.19,45.95,51.86,-0.06,1.82,-1.75
2020-04-12,127854,3022,60300,32634,92198,64532,2946,286,2900,2774,-114,-240,2.36,47.16,50.47,0.16,1.2,-1.39
2020-04-13,130072,3194,64300,35546,91332,62578,2218,172,4000,2912,-866,-1954,2.46,49.43,48.11,0.1,2.27,-2.35
2020-04-14,131359,3294,68200,38590,89475,59865,1287,100,3900,3044,-1857,-2713,2.51,51.92,45.57,0.04,2.49,-2.53
2020-04-15,134753,3804,72600,41758,89191,58349,3394,510,4400,3168,-284,-1516,2.82,53.88,43.3,0.31,1.96,-2.27
2020-04-16,137698,4052,77000,45042,88604,56646,2945,248,4400,3284,-587,-1703,2.94,55.92,41.14,0.12,2.03,-2.15
2020-04-17,141397,4352,83114,48431,88614,53931,3699,300,6114,3389,10,-2715,3.08,58.78,38.14,0.14,2.85,-3.0
2020-04-18,143342,4459,85400,51914,86969,53483,1945,107,2286,3483,-1645,-448,3.11,59.58,37.31,0.02,0.79,-0.82
2020-04-19,145184,4586,88000,55479,85119,52598,1842,127,2600,3565,-1850,-885,3.16,60.61,36.23,0.05,1.03,-1.08
2020-04-20,145742,4642,91500,59112,81988,49600,558,56,3500,3633,-3131,-2998,3.19,62.78,34.03,0.02,2.17,-2.19
