,Total Confirmed,Total Deaths,Total Recovered,Total Recovered_Est,Total Active_Est,Total Active,Daily New Confirmed,Daily New Deaths,Daily New Recovered,Daily New Recovered_Est,Daily New Active_Est,Daily New Active,Total Mortality_Rate,Total Recovery_Rate,Total Activity_Rate,Change in Mortality_Rate,Change in Recovery_Rate,Change in Activity_Rate
2020-01-22,0,0,0,0,0,0,0,0,0,0,0,0,0.0,0.0,0.0,0.0,0.0,0.0
2020-01-23,2,0,0,0,2,2,2,0,0,0,2,2,0.0,0.0,100.0,0.0,0.0,100.0
2020-01-24,2,0,0,0,2,2,0,0,0,0,0,0,0.0,0.0,100.0,0.0,0.0,0.0
2020-01-25,2,0,0,0,2,2,0,0,0,0,0,0,0.0,0.0,100.0,0.0,0.0,0.0
2020-01-26,2,0,0,0,2,2,0,0,0,0,0,0,0.0,0.0,100.0,0.0,0.0,0.0
2020-01-27,2,0,0,0,2,2,0,0,0,0,0,0,0.0,0.0,100.0,0.0,0.0,0.0
2020-01-28,2,0,0,0,2,2,0,0,0,0,0,0,0.0,0.0,100.0,0.0,0.0,0.0
2020-01-29,2,0,0,0,2,2,0,0,0,0,0,0,0.0,0.0,100.0,0.0,0.0,0.0
2020-01-30,2,0,0,0,2,2,0,0,0,0,0,0,0.0,0.0,100.0,0.0,0.0,0.0
2020-01-31,2,0,0,0,2,2,0,0,0,0,0,0,0.0,0.0,100.0,0.0,0.0,0.0
2020-02-01,6,0,1,0,6,5,4,0,1,0,4,3,0.0,16.67,83.33,0.0,16.67,-16.67
2020-02-02,6,0,1,0,6,5,0,0,0,0,0,0,0.0,16.67,83.33,0.0,0.0,0.0
2020-02-03,8,0,1,0,8,7,2,0,0,0,2,2,0.0,12.5,87.5,0.0,-4.17,4.17
2020-02-04,8,0,1,0,8,7,0,0,0,0,0,0,0.0,12.5,87.5,0.0,0.0,0.0
2020-02-05,8,0,1,0,8,7,0,0,0,0,0,0,0.0,12.5,87.5,0.0,0.0,0.0
2020-02-06,10,0,1,0,10,9,2,0,0,0,2,2,0.0,10.0,90.0,0.0,-2.5,2.5
2020-02-07,10,0,1,0,10,9,0,0,0,0,0,0,0.0,10.0,90.0,0.0,0.0,0.0
2020-02-08,13,0,1,0,13,12,3,0,0,0,3,3,0.0,7.69,92.31,0.0,-2.3,2.31
2020-02-09,13,0,1,0,13,12,0,0,0,0,0,0,0.0,7.69,92.31,0.0,0.0,0.0
2020-02-10,14,0,1,0,14,13,1,0,0,0,1,1,0.0,7.14,92.86,0.0,-0.55,0.54
2020-02-11,15,0,6,0,15,9,1,0,5,0,1,-4,0.0,40.0,60.0,0.0,32.86,-32.86
2020-02-12,15,0,6,0,15,9,0,0,0,0,0,0,0.0,40.0,60.0,0.0,0.0,0.0
2020-02-13,16,0,7,0,16,9,1,0,1,0,1,0,0.0,43.75,56.25,0.0,3.75,-3.75
2020-02-14,16,0,7,0,16,9,0,0,0,0,0,0,0.0,43.75,56.25,0.0,0.0,0.0
2020-02-15,16,0,7,0,16,9,0,0,0,0,0,0,0.0,43.75,56.25,0.0,0.0,0.0
2020-02-16,16,0,7,0,16,9,0,0,0,0,0,0,0.0,43.75,56.25,0.0,0.0,0.0
2020-02-17,16,0,7,0,16,9,0,0,0,0,0,0,0.0,43.75,56.25,0.0,0.0,0.0
2020-02-18,16,0,7,0,16,9,0,0,0,0,0,0,0.0,43.75,56.25,0.0,0.0,0.0
2020-02-19,16,0,7,0,16,9,0,0,0,0,0,0,0.0,43.75,56.25,0.0,0.0,0.0
2020-02-20,16,0,7,0,16,9,0,0,0,0,0,0,0.0,43.75,56.25,0.0,0.0,0.0
2020-02-21,16,0,14,0,16,2,0,0,7,0,0,-7,0.0,87.5,12.5,0.0,43.75,-43.75
2020-02-22,16,0,14,0,16,2,0,0,0,0,0,0,0.0,87.5,12.5,0.0,0.0,0.0
2020-02-23,16,0,14,0,16,2,0,0,0,0,0,0,0.0,87.5,12.5,0.0,0.0,0.0
2020-02-24,16,0,14,0,16,2,0,0,0,0,0,0,0.0,87.5,12.5,0.0,0.0,0.0
2020-02-25,16,0,16,0,16,0,0,0,2,0,0,-2,0.0,100.0,0.0,0.0,12.5,-12.5
2020-02-26,16,0,16,0,16,0,0,0,0,0,0,0,0.0,100.0,0.0,0.0,0.0,0.0
2020-02-27,16,0,16,0,16,0,0,0,0,0,0,0,0.0,100.0,0.0,0.0,0.0,0.0
2020-02-28,16,0,16,0,16,0,0,0,0,0,0,0,0.0,100.0,0.0,0.0,0.0,0.0
2020-02-29,16,0,16,0,16,0,0,0,0,0,0,0,0.0,100.0,0.0,0.0,0.0,0.0
2020-03-01,16,0,16,0,16,0,0,0,0,0,0,0,0.0,100.0,0.0,0.0,0.0,0.0
2020-03-02,16,0,16,0,16,0,0,0,0,0,0,0,0.0,100.0,0.0,0.0,0.0,0.0
2020-03-03,16,0,16,0,16,0,0,0,0,0,0,0,0.0,100.0,0.0,0.0,0.0,0.0
2020-03-04,16,0,16,0,16,0,0,0,0,0,0,0,0.0,100.0,0.0,0.0,0.0,0.0
2020-03-05,16,0,16,0,16,0,0,0,0,0,0,0,0.0,100.0,0.0,0.0,0.0,0.0
2020-03-06,16,0,16,0,16,0,0,0,0,0,0,0,0.0,100.0,0.0,0.0,0.0,0.0
2020-03-07,18,0,16,0,18,2,2,0,0,0,2,2,0.0,88.89,11.11,0.0,-11.11,11.11
2020-03-08,30,0,16,0,30,14,12,0,0,0,12,12,0.0,53.33,46.67,0.0,-35.56,35.56
2020-03-09,30,0,16,0,30,14,0,0,0,0,0,0,0.0,53.33,46.67,0.0,0.0,0.0
2020-03-10,31,0,16,0,31,15,1,0,0,0,1,1,0.0,51.61,48.39,0.0,-1.71,1.71
2020-03-11,38,0,16,0,38,22,7,0,0,0,7,7,0.0,42.11,57.89,0.0,-9.5,9.5
2020-03-12,39,0,16,0,39,23,1,0,0,0,1,1,0.0,41.03,58.97,0.0,-1.07,1.07
2020-03-13,47,0,16,0,47,31,8,0,0,0,8,8,0.0,34.04,65.96,0.0,-6.99,6.98
2020-03-14,53,0,16,0,53,37,6,0,0,0,6,6,0.0,30.19,69.81,0.0,-3.84,3.85
2020-03-15,56,0,16,0,56,40,3,0,0,0,3,3,0.0,28.57,71.43,0.0,-1.62,1.62
2020-03-16,61,0,16,0,61,45,5,0,0,0,5,5,0.0,26.23,73.77,0.0,-2.34,2.33
2020-03-17,66,0,16,0,66,50,5,0,0,0,5,5,0.0,24.24,75.76,0.0,-1.99,1.99
2020-03-18,75,0,16,1,74,59,9,0,0,1,8,9,0.0,21.33,78.67,0.0,-2.91,2.9
2020-03-19,85,0,16,2,83,69,10,0,0,1,9,10,0.0,18.82,81.18,0.0,-2.5,2.51
2020-03-20,91,0,16,3,88,75,6,0,0,1,5,6,0.0,17.58,82.42,0.0,-1.24,1.23
2020-03-21,94,0,17,4,90,77,3,0,1,1,2,2,0.0,18.09,81.91,0.0,0.51,-0.51
2020-03-22,113,0,17,5,108,96,19,0,0,1,18,19,0.0,15.04,84.96,0.0,-3.05,3.04
2020-03-23,123,0,17,6,117,106,10,0,0,1,9,10,0.0,13.82,86.18,0.0,-1.21,1.22
2020-03-24,134,0,17,7,127,117,11,0,0,1,10,11,0.0,12.69,87.31,0.0,-1.13,1.12
2020-03-25,141,0,17,9,132,124,7,0,0,2,5,7,0.0,12.06,87.94,0.0,-0.62,0.62
2020-03-26,153,0,20,11,142,133,12,0,3,2,10,9,0.0,13.07,86.93,0.0,1.0,-1.0
2020-03-27,163,0,20,13,150,143,10,0,0,2,8,10,0.0,12.27,87.73,0.0,-0.8,0.79
2020-03-28,174,0,21,15,159,153,11,0,1,2,9,10,0.0,12.07,87.93,0.0,-0.19,0.2
2020-03-29,188,0,25,17,171,163,14,0,4,2,12,10,0.0,13.3,86.7,0.0,1.23,-1.23
2020-03-30,203,0,55,20,183,148,15,0,30,3,12,-15,0.0,27.09,72.91,0.0,13.79,-13.79
2020-03-31,212,0,58,23,189,154,9,0,3,3,6,6,0.0,27.36,72.64,0.0,0.26,-0.26
2020-04-01,218,0,63,26,192,155,6,0,5,3,3,1,0.0,28.9,71.1,0.0,1.53,-1.54
2020-04-02,233,0,75,29,204,158,15,0,12,3,12,3,0.0,32.19,67.81,0.0,3.28,-3.28
2020-04-03,237,0,85,33,204,152,4,0,10,4,0,-6,0.0,35.86,64.14,0.0,3.67,-3.67
2020-04-04,240,0,90,37,203,150,3,0,5,4,-1,-2,0.0,37.5,62.5,0.0,1.64,-1.64
2020-04-05,241,0,90,41,200,151,1,0,0,4,-3,1,0.0,37.34,62.66,0.0,-0.15,0.15
2020-04-06,245,0,95,45,200,150,4,0,5,4,0,-1,0.0,38.78,61.22,0.0,1.43,-1.43
2020-04-07,249,0,123,50,199,126,4,0,28,5,-1,-24,0.0,49.4,50.6,0.0,10.61,-10.61
2020-04-08,251,0,126,55,196,125,2,0,3,5,-3,-1,0.0,50.2,49.8,0.0,0.8,-0.8
2020-04-09,255,0,128,60,195,127,4,0,2,5,-1,2,0.0,50.2,49.8,0.0,0.0,0.0
2020-04-10,257,0,144,65,192,113,2,0,16,5,-3,-14,0.0,56.03,43.97,0.0,5.82,-5.82
2020-04-11,258,0,144,71,187,114,1,0,0,6,-5,1,0.0,55.81,44.19,0.0,-0.21,0.21
2020-04-12,262,0,144,77,185,118,4,0,0,6,-2,4,0.0,54.96,45.04,0.0,-0.85,0.85
2020-04-13,265,0,146,83,182,119,3,0,2,6,-3,1,0.0,55.09,44.91,0.0,0.13,-0.13
2020-04-14,266,0,169,89,177,97,1,0,23,6,-5,-22,0.0,63.53,36.47,0.0,8.43,-8.43
2020-04-15,267,0,171,95,172,96,1,0,2,6,-5,-1,0.0,64.04,35.96,0.0,0.51,-0.5
2020-04-16,268,0,177,101,167,91,1,0,6,6,-5,-5,0.0,66.04,33.96,0.0,2.0,-2.0
2020-04-17,268,0,198,107,161,70,0,0,21,6,-6,-21,0.0,73.88,26.12,0.0,7.83,-7.84
2020-04-18,268,0,201,113,155,67,0,0,3,6,-6,-3,0.0,75.0,25.0,0.0,1.12,-1.12
2020-04-19,268,0,202,119,149,66,0,0,1,6,-6,-1,0.0,75.37,24.63,0.0,0.37,-0.37
2020-04-20,268,0,202,125,143,66,0,0,0,6,-6,0,0.0,75.37,24.63,0.0,0.0,0.0
