,Total Confirmed,Total Deaths,Total Recovered,Total Recovered_Est,Total Active_Est,Total Active,Daily New Confirmed,Daily New Deaths,Daily New Recovered,Daily New Recovered_Est,Daily New Active_Est,Daily New Active,Total Mortality_Rate,Total Recovery_Rate,Total Activity_Rate,Change in Mortality_Rate,Change in Recovery_Rate,Change in Activity_Rate
2020-01-22,0,0,0,0,0,0,0,0,0,0,0,0,0.0,0.0,0.0,0.0,0.0,0.0
2020-01-23,0,0,0,0,0,0,0,0,0,0,0,0,0.0,0.0,0.0,0.0,0.0,0.0
2020-01-24,0,0,0,0,0,0,0,0,0,0,0,0,0.0,0.0,0.0,0.0,0.0,0.0
2020-01-25,0,0,0,0,0,0,0,0,0,0,0,0,0.0,0.0,0.0,0.0,0.0,0.0
2020-01-26,0,0,0,0,0,0,0,0,0,0,0,0,0.0,0.0,0.0,0.0,0.0,0.0
2020-01-27,0,0,0,0,0,0,0,0,0,0,0,0,0.0,0.0,0.0,0.0,0.0,0.0
2020-01-28,0,0,0,0,0,0,0,0,0,0,0,0,0.0,0.0,0.0,0.0,0.0,0.0
2020-01-29,0,0,0,0,0,0,0,0,0,0,0,0,0.0,0.0,0.0,0.0,0.0,0.0
2020-01-30,0,0,0,0,0,0,0,0,0,0,0,0,0.0,0.0,0.0,0.0,0.0,0.0
2020-01-31,0,0,0,0,0,0,0,0,0,0,0,0,0.0,0.0,0.0,0.0,0.0,0.0
2020-02-01,0,0,0,0,0,0,0,0,0,0,0,0,0.0,0.0,0.0,0.0,0.0,0.0
2020-02-02,0,0,0,0,0,0,0,0,0,0,0,0,0.0,0.0,0.0,0.0,0.0,0.0
2020-02-03,0,0,0,0,0,0,0,0,0,0,0,0,0.0,0.0,0.0,0.0,0.0,0.0
2020-02-04,0,0,0,0,0,0,0,0,0,0,0,0,0.0,0.0,0.0,0.0,0.0,0.0
2020-02-05,0,0,0,0,0,0,0,0,0,0,0,0,0.0,0.0,0.0,0.0,0.0,0.0
2020-02-06,0,0,0,0,0,0,0,0,0,0,0,0,0.0,0.0,0.0,0.0,0.0,0.0
2020-02-07,61,0,0,0,61,61,61,0,0,0,61,61,0.0,0.0,100.0,0.0,0.0,100.0
2020-02-08,61,0,0,1,60,61,0,0,0,1,-1,0,0.0,0.0,100.0,0.0,0.0,0.0
2020-02-09,64,0,0,2,62,64,3,0,0,1,2,3,0.0,0.0,100.0,0.0,0.0,0.0
2020-02-10,135,0,0,3,132,135,71,0,0,1,70,71,0.0,0.0,100.0,0.0,0.0,0.0
2020-02-11,135,0,0,4,131,135,0,0,0,1,-1,0,0.0,0.0,100.0,0.0,0.0,0.0
2020-02-12,175,0,0,6,169,175,40,0,0,2,38,40,0.0,0.0,100.0,0.0,0.0,0.0
2020-02-13,175,0,0,8,167,175,0,0,0,2,-2,0,0.0,0.0,100.0,0.0,0.0,0.0
2020-02-14,218,0,0,11,207,218,43,0,0,3,40,43,0.0,0.0,100.0,0.0,0.0,0.0
2020-02-15,285,0,0,14,271,285,67,0,0,3,64,67,0.0,0.0,100.0,0.0,0.0,0.0
2020-02-16,355,0,0,18,337,355,70,0,0,4,66,70,0.0,0.0,100.0,0.0,0.0,0.0
2020-02-17,454,0,0,22,432,454,99,0,0,4,95,99,0.0,0.0,100.0,0.0,0.0,0.0
2020-02-18,542,0,0,27,515,542,88,0,0,5,83,88,0.0,0.0,100.0,0.0,0.0,0.0
2020-02-19,621,0,1,33,588,620,79,0,1,6,73,78,0.0,0.16,99.84,0.0,0.16,-0.15
2020-02-20,634,2,1,40,592,631,13,2,0,7,4,11,0.32,0.16,99.53,0.32,0.0,-0.31
2020-02-21,634,2,1,47,585,631,0,0,0,7,-7,0,0.32,0.16,99.53,0.0,0.0,0.0
2020-02-22,634,2,1,55,577,631,0,0,0,8,-8,0,0.32,0.16,99.53,0.0,0.0,0.0
2020-02-23,691,3,0,64,624,688,57,1,-1,9,47,57,0.43,0.0,99.57,0.1,-0.16,0.03
2020-02-24,691,3,0,74,614,688,0,0,0,10,-10,0,0.43,0.0,99.57,0.0,0.0,0.0
2020-02-25,691,3,0,85,603,688,0,0,0,11,-11,0,0.43,0.0,99.57,0.0,0.0,0.0
2020-02-26,705,4,10,97,604,691,14,1,10,12,1,3,0.57,1.42,98.01,0.13,1.42,-1.55
2020-02-27,705,4,10,110,591,691,0,0,0,13,-13,0,0.57,1.42,98.01,0.0,0.0,0.0
2020-02-28,705,6,10,124,575,689,0,2,0,14,-16,-2,0.85,1.42,97.73,0.28,0.0,-0.28
2020-02-29,705,6,10,139,560,689,0,0,0,15,-15,0,0.85,1.42,97.73,0.0,0.0,0.0
2020-03-01,705,6,10,155,544,689,0,0,0,16,-16,0,0.85,1.42,97.73,0.0,0.0,0.0
2020-03-02,705,6,10,172,527,689,0,0,0,17,-17,0,0.85,1.42,97.73,0.0,0.0,0.0
2020-03-03,706,6,10,190,510,690,1,0,0,18,-17,1,0.85,1.42,97.73,0.0,0.0,0.0
2020-03-04,706,6,10,209,491,690,0,0,0,19,-19,0,0.85,1.42,97.73,0.0,0.0,0.0
2020-03-05,706,6,10,229,471,690,0,0,0,20,-20,0,0.85,1.42,97.73,0.0,0.0,0.0
2020-03-06,706,6,40,249,451,660,0,0,30,20,-20,-30,0.85,5.67,93.48,0.0,4.25,-4.25
2020-03-07,706,6,40,270,430,660,0,0,0,21,-21,0,0.85,5.67,93.48,0.0,0.0,0.0
2020-03-08,706,6,40,291,409,660,0,0,0,21,-21,0,0.85,5.67,93.48,0.0,0.0,0.0
2020-03-09,706,6,40,312,388,660,0,0,0,21,-21,0,0.85,5.67,93.48,0.0,0.0,0.0
2020-03-10,706,6,40,333,367,660,0,0,0,21,-21,0,0.85,5.67,93.48,0.0,0.0,0.0
2020-03-11,706,7,325,354,345,374,0,1,285,21,-22,-286,0.99,46.03,52.97,0.14,40.36,-40.51
2020-03-12,706,7,325,375,324,374,0,0,0,21,-21,0,0.99,46.03,52.97,0.0,0.0,0.0
2020-03-13,706,7,325,396,303,374,0,0,0,21,-21,0,0.99,46.03,52.97,0.0,0.0,0.0
2020-03-14,706,7,325,417,282,374,0,0,0,21,-21,0,0.99,46.03,52.97,0.0,0.0,0.0
2020-03-15,706,7,325,437,262,374,0,0,0,20,-20,0,0.99,46.03,52.97,0.0,0.0,0.0
2020-03-16,706,7,325,456,243,374,0,0,0,19,-19,0,0.99,46.03,52.97,0.0,0.0,0.0
2020-03-17,706,7,325,475,224,374,0,0,0,19,-19,0,0.99,46.03,52.97,0.0,0.0,0.0
2020-03-18,712,7,325,493,212,380,6,0,0,18,-12,6,0.98,45.65,53.37,-0.01,-0.38,0.39
2020-03-19,712,7,325,510,195,380,0,0,0,17,-17,0,0.98,45.65,53.37,0.0,0.0,0.0
2020-03-20,712,7,325,526,179,380,0,0,0,16,-16,0,0.98,45.65,53.37,0.0,0.0,0.0
2020-03-21,712,8,325,541,163,379,0,1,0,15,-16,-1,1.12,45.65,53.23,0.14,0.0,-0.14
2020-03-22,712,8,325,555,149,379,0,0,0,14,-14,0,1.12,45.65,53.23,0.0,0.0,0.0
2020-03-23,712,8,325,568,136,379,0,0,0,13,-13,0,1.12,45.65,53.23,0.0,0.0,0.0
2020-03-24,712,10,325,580,122,377,0,2,0,12,-14,-2,1.4,45.65,52.95,0.27,0.0,-0.27
2020-03-25,712,10,587,591,111,115,0,0,262,11,-11,-262,1.4,82.44,16.15,0.0,36.79,-36.8
2020-03-26,712,10,597,601,101,105,0,0,10,10,-10,-10,1.4,83.85,14.75,0.0,1.4,-1.39
2020-03-27,712,10,597,610,92,105,0,0,0,9,-9,0,1.4,83.85,14.75,0.0,0.0,0.0
2020-03-28,714,10,597,618,86,107,2,0,0,8,-6,2,1.4,83.61,14.99,0.0,-0.23,0.24
2020-03-29,714,10,603,625,79,101,0,0,6,7,-7,-6,1.4,84.45,14.15,0.0,0.84,-0.83
2020-03-30,714,10,603,631,73,101,0,0,0,6,-6,0,1.4,84.45,14.15,0.0,0.0,0.0
2020-03-31,714,10,603,637,67,101,0,0,0,6,-6,0,1.4,84.45,14.15,0.0,0.0,0.0
2020-04-01,721,13,603,642,66,105,7,3,0,5,-1,4,1.8,83.63,14.56,0.4,-0.82,0.41
2020-04-02,721,13,619,646,62,89,0,0,16,4,-4,-16,1.8,85.85,12.34,0.0,2.21,-2.22
2020-04-03,721,13,619,650,58,89,0,0,0,4,-4,0,1.8,85.85,12.34,0.0,0.0,0.0
2020-04-04,721,13,619,653,55,89,0,0,0,3,-3,0,1.8,85.85,12.34,0.0,0.0,0.0
2020-04-05,721,13,619,656,52,89,0,0,0,3,-3,0,1.8,85.85,12.34,0.0,0.0,0.0
2020-04-06,721,13,619,658,50,89,0,0,0,2,-2,0,1.8,85.85,12.34,0.0,0.0,0.0
2020-04-07,721,13,619,660,48,89,0,0,0,2,-2,0,1.8,85.85,12.34,0.0,0.0,0.0
2020-04-08,721,13,619,662,46,89,0,0,0,2,-2,0,1.8,85.85,12.34,0.0,0.0,0.0
2020-04-09,721,13,619,663,45,89,0,0,0,1,-1,0,1.8,85.85,12.34,0.0,0.0,0.0
2020-04-10,721,13,619,664,44,89,0,0,0,1,-1,0,1.8,85.85,12.34,0.0,0.0,0.0
2020-04-11,721,13,619,665,43,89,0,0,0,1,-1,0,1.8,85.85,12.34,0.0,0.0,0.0
2020-04-12,721,13,619,666,42,89,0,0,0,1,-1,0,1.8,85.85,12.34,0.0,0.0,0.0
2020-04-13,721,13,619,667,41,89,0,0,0,1,-1,0,1.8,85.85,12.34,0.0,0.0,0.0
2020-04-14,721,14,639,667,40,68,0,1,20,0,-1,-21,1.94,88.63,9.43,0.13,2.78,-2.91
2020-04-15,721,14,639,667,40,68,0,0,0,0,0,0,1.94,88.63,9.43,0.0,0.0,0.0
2020-04-16,721,14,644,667,40,63,0,0,5,0,0,-5,1.94,89.32,8.74,0.0,0.68,-0.68
2020-04-17,721,15,644,667,39,62,0,1,0,0,-1,-1,2.08,89.32,8.6,0.14,0.0,-0.14
2020-04-18,721,15,644,667,39,62,0,0,0,0,0,0,2.08,89.32,8.6,0.0,0.0,0.0
2020-04-19,721,15,644,667,39,62,0,0,0,0,0,0,2.08,89.32,8.6,0.0,0.0,0.0
2020-04-20,721,15,644,667,39,62,0,0,0,0,0,0,2.08,89.32,8.6,0.0,0.0,0.0
