,Total Confirmed,Total Deaths,Total Recovered,Total Recovered_Est,Total Active_Est,Total Active,Daily New Confirmed,Daily New Deaths,Daily New Recovered,Daily New Recovered_Est,Daily New Active_Est,Daily New Active,Total Mortality_Rate,Total Recovery_Rate,Total Activity_Rate,Change in Mortality_Rate,Change in Recovery_Rate,Change in Activity_Rate
2020-01-22,0,0,0,0,0,0,0,0,0,0,0,0,0.0,0.0,0.0,0.0,0.0,0.0
2020-01-23,0,0,0,0,0,0,0,0,0,0,0,0,0.0,0.0,0.0,0.0,0.0,0.0
2020-01-24,0,0,0,0,0,0,0,0,0,0,0,0,0.0,0.0,0.0,0.0,0.0,0.0
2020-01-25,0,0,0,0,0,0,0,0,0,0,0,0,0.0,0.0,0.0,0.0,0.0,0.0
2020-01-26,1,0,0,0,1,1,1,0,0,0,1,1,0.0,0.0,100.0,0.0,0.0,100.0
2020-01-27,1,0,0,0,1,1,0,0,0,0,0,0,0.0,0.0,100.0,0.0,0.0,0.0
2020-01-28,2,0,0,0,2,2,1,0,0,0,1,1,0.0,0.0,100.0,0.0,0.0,0.0
2020-01-29,2,0,0,0,2,2,0,0,0,0,0,0,0.0,0.0,100.0,0.0,0.0,0.0
2020-01-30,2,0,0,0,2,2,0,0,0,0,0,0,0.0,0.0,100.0,0.0,0.0,0.0
2020-01-31,4,0,0,0,4,4,2,0,0,0,2,2,0.0,0.0,100.0,0.0,0.0,0.0
2020-02-01,4,0,0,0,4,4,0,0,0,0,0,0,0.0,0.0,100.0,0.0,0.0,0.0
2020-02-02,4,0,0,0,4,4,0,0,0,0,0,0,0.0,0.0,100.0,0.0,0.0,0.0
2020-02-03,4,0,0,0,4,4,0,0,0,0,0,0,0.0,0.0,100.0,0.0,0.0,0.0
2020-02-04,4,0,0,0,4,4,0,0,0,0,0,0,0.0,0.0,100.0,0.0,0.0,0.0
2020-02-05,5,0,0,0,5,5,1,0,0,0,1,1,0.0,0.0,100.0,0.0,0.0,0.0
2020-02-06,5,0,0,0,5,5,0,0,0,0,0,0,0.0,0.0,100.0,0.0,0.0,0.0
2020-02-07,7,0,0,0,7,7,2,0,0,0,2,2,0.0,0.0,100.0,0.0,0.0,0.0
2020-02-08,7,0,0,0,7,7,0,0,0,0,0,0,0.0,0.0,100.0,0.0,0.0,0.0
2020-02-09,7,0,0,0,7,7,0,0,0,0,0,0,0.0,0.0,100.0,0.0,0.0,0.0
2020-02-10,7,0,0,0,7,7,0,0,0,0,0,0,0.0,0.0,100.0,0.0,0.0,0.0
2020-02-11,7,0,0,0,7,7,0,0,0,0,0,0,0.0,0.0,100.0,0.0,0.0,0.0
2020-02-12,7,0,1,0,7,6,0,0,1,0,0,-1,0.0,14.29,85.71,0.0,14.29,-14.29
2020-02-13,7,0,1,0,7,6,0,0,0,0,0,0,0.0,14.29,85.71,0.0,0.0,0.0
2020-02-14,7,0,1,0,7,6,0,0,0,0,0,0,0.0,14.29,85.71,0.0,0.0,0.0
2020-02-15,7,0,1,0,7,6,0,0,0,0,0,0,0.0,14.29,85.71,0.0,0.0,0.0
2020-02-16,7,0,1,0,7,6,0,0,0,0,0,0,0.0,14.29,85.71,0.0,0.0,0.0
2020-02-17,8,0,1,0,8,7,1,0,0,0,1,1,0.0,12.5,87.5,0.0,-1.78,1.79
2020-02-18,8,0,1,0,8,7,0,0,0,0,0,0,0.0,12.5,87.5,0.0,0.0,0.0
2020-02-19,8,0,1,0,8,7,0,0,0,0,0,0,0.0,12.5,87.5,0.0,0.0,0.0
2020-02-20,8,0,1,0,8,7,0,0,0,0,0,0,0.0,12.5,87.5,0.0,0.0,0.0
2020-02-21,9,0,3,0,9,6,1,0,2,0,1,-1,0.0,33.33,66.67,0.0,20.83,-20.83
2020-02-22,9,0,3,0,9,6,0,0,0,0,0,0,0.0,33.33,66.67,0.0,0.0,0.0
2020-02-23,9,0,3,0,9,6,0,0,0,0,0,0,0.0,33.33,66.67,0.0,0.0,0.0
2020-02-24,10,0,3,0,10,7,1,0,0,0,1,1,0.0,30.0,70.0,0.0,-3.32,3.32
2020-02-25,11,0,3,0,11,8,1,0,0,0,1,1,0.0,27.27,72.73,0.0,-2.73,2.73
2020-02-26,11,0,3,0,11,8,0,0,0,0,0,0,0.0,27.27,72.73,0.0,0.0,0.0
2020-02-27,13,0,6,0,13,7,2,0,3,0,2,-1,0.0,46.15,53.85,0.0,18.88,-18.88
2020-02-28,14,0,6,0,14,8,1,0,0,0,1,1,0.0,42.86,57.14,0.0,-3.28,3.28
2020-02-29,20,0,6,0,20,14,6,0,0,0,6,6,0.0,30.0,70.0,0.0,-12.86,12.86
2020-03-01,24,0,6,0,24,18,4,0,0,0,4,4,0.0,25.0,75.0,0.0,-5.0,5.0
2020-03-02,27,0,6,0,27,21,3,0,0,0,3,3,0.0,22.22,77.78,0.0,-2.78,2.78
2020-03-03,30,0,6,0,30,24,3,0,0,0,3,3,0.0,20.0,80.0,0.0,-2.21,2.21
2020-03-04,33,0,6,0,33,27,3,0,0,0,3,3,0.0,18.18,81.82,0.0,-1.82,1.81
2020-03-05,37,0,6,1,36,31,4,0,0,1,3,4,0.0,16.22,83.78,0.0,-1.96,1.96
2020-03-06,49,0,6,2,47,43,12,0,0,1,11,12,0.0,12.24,87.76,0.0,-3.97,3.98
2020-03-07,54,0,8,3,51,46,5,0,2,1,4,3,0.0,14.81,85.19,0.0,2.57,-2.57
2020-03-08,64,0,8,5,59,56,10,0,0,2,8,10,0.0,12.5,87.5,0.0,-2.31,2.31
2020-03-09,77,1,8,7,69,68,13,1,0,2,10,12,1.3,10.39,88.31,1.3,-2.1,0.81
2020-03-10,79,1,8,10,68,70,2,0,0,3,-1,2,1.27,10.13,88.61,-0.03,-0.25,0.29
2020-03-11,108,1,8,13,94,99,29,0,0,3,26,29,0.93,7.41,91.67,-0.34,-2.72,3.06
2020-03-12,117,1,8,17,99,108,9,0,0,4,5,9,0.85,6.84,92.31,-0.08,-0.57,0.64
2020-03-13,193,1,8,22,170,184,76,0,0,5,71,76,0.52,4.15,95.34,-0.32,-2.68,3.03
2020-03-14,198,1,8,29,168,189,5,0,0,7,-2,5,0.51,4.04,95.45,-0.01,-0.11,0.1
2020-03-15,252,1,8,37,214,243,54,0,0,8,46,54,0.4,3.17,96.43,-0.1,-0.87,0.98
2020-03-16,415,4,9,47,364,402,163,3,1,10,150,159,0.96,2.17,96.87,0.55,-1.0,0.43
2020-03-17,478,5,9,59,414,464,63,1,0,12,50,62,1.05,1.88,97.07,0.09,-0.29,0.19
2020-03-18,657,8,9,74,575,640,179,3,0,15,161,176,1.22,1.37,97.41,0.16,-0.5,0.34
2020-03-19,800,9,9,92,699,782,143,1,0,18,124,142,1.12,1.12,97.75,-0.09,-0.25,0.34
2020-03-20,943,12,9,114,817,922,143,3,0,22,118,140,1.27,0.95,97.77,0.14,-0.17,0.01
2020-03-21,1277,19,10,140,1118,1248,334,7,1,26,301,326,1.49,0.78,97.73,0.21,-0.16,-0.03
2020-03-22,1469,21,10,171,1277,1438,192,2,0,31,159,190,1.43,0.68,97.89,-0.06,-0.09,0.15
2020-03-23,2088,25,10,208,1855,2053,619,4,0,37,578,615,1.2,0.48,98.32,-0.23,-0.2,0.42
2020-03-24,2790,26,110,251,2513,2654,702,1,100,43,658,601,0.93,3.94,95.13,-0.26,3.46,-3.18
2020-03-25,3251,30,183,302,2919,3038,461,4,73,51,406,384,0.92,5.63,93.45,-0.01,1.69,-1.67
2020-03-26,4042,38,184,362,3642,3820,791,8,1,60,723,782,0.94,4.55,94.51,0.01,-1.08,1.06
2020-03-27,4682,54,256,431,4197,4372,640,16,72,69,555,552,1.15,5.47,93.38,0.2,0.92,-1.13
2020-03-28,5576,61,466,511,5004,5049,894,7,210,80,807,677,1.09,8.36,90.55,-0.05,2.88,-2.82
2020-03-29,6280,64,466,604,5612,5750,704,3,0,93,608,701,1.02,7.42,91.56,-0.07,-0.93,1.01
2020-03-30,7398,80,466,710,6608,6852,1118,16,0,106,996,1102,1.08,6.3,92.62,0.06,-1.12,1.06
2020-03-31,8527,101,1592,832,7594,6834,1129,21,1126,122,986,-18,1.18,18.67,80.15,0.09,12.37,-12.47
2020-04-01,9560,109,1324,971,8480,8127,1033,8,-268,139,886,1293,1.14,13.85,85.01,-0.04,-4.82,4.85
2020-04-02,11284,139,1735,1129,10016,9410,1724,30,411,158,1536,1283,1.23,15.38,83.39,0.09,1.53,-1.62
2020-04-03,12437,179,2175,1307,10951,10083,1153,40,440,178,935,673,1.44,17.49,81.07,0.2,2.1,-2.32
2020-04-04,12978,218,2577,1507,11253,10183,541,39,402,200,302,100,1.68,19.86,78.46,0.24,2.37,-2.6
2020-04-05,15756,259,3012,1731,13766,12485,2778,41,435,224,2513,2302,1.64,19.12,79.24,-0.04,-0.73,0.78
2020-04-06,16563,339,3256,1981,14243,12968,807,80,244,250,477,483,2.05,19.66,78.29,0.4,0.53,-0.94
2020-04-07,17872,375,3791,2258,15239,13706,1309,36,535,277,996,738,2.1,21.21,76.69,0.05,1.55,-1.6
2020-04-08,19141,407,4154,2564,16170,14580,1269,32,363,306,931,874,2.13,21.7,76.17,0.02,0.48,-0.51
2020-04-09,20654,503,5162,2901,17250,14989,1513,96,1008,337,1080,409,2.44,24.99,72.57,0.31,3.28,-3.6
2020-04-10,22059,557,5855,3270,18232,15647,1405,54,693,369,982,658,2.53,26.54,70.93,0.08,1.55,-1.63
2020-04-11,23316,654,6589,3673,18989,16073,1257,97,734,403,757,426,2.8,28.26,68.94,0.27,1.72,-1.99
2020-04-12,24298,714,7123,4111,19473,16461,982,60,534,438,484,388,2.94,29.32,67.75,0.14,1.05,-1.18
2020-04-13,25679,779,7758,4585,20315,17142,1381,65,635,474,842,681,3.03,30.21,66.75,0.08,0.89,-1.0
2020-04-14,27034,899,8210,5096,21039,17925,1355,120,452,511,724,783,3.33,30.37,66.31,0.3,0.16,-0.43
2020-04-15,28208,1006,8966,5645,21557,18236,1174,107,756,549,518,311,3.57,31.79,64.65,0.23,1.41,-1.65
2020-04-16,30808,1257,9698,6232,23319,19853,2600,251,732,587,1762,1617,4.08,31.48,64.44,0.51,-0.3,-0.21
2020-04-17,32813,1354,10545,6857,24602,20914,2005,97,847,625,1283,1061,4.13,32.14,63.74,0.04,0.66,-0.69
2020-04-18,34355,1399,10964,7519,25437,21992,1542,45,419,662,835,1078,4.07,31.91,64.01,-0.05,-0.23,0.27
2020-04-19,35632,1563,11847,8218,25851,22222,1277,164,883,699,414,230,4.39,33.25,62.37,0.31,1.34,-1.64
2020-04-20,36039,1625,11852,8953,25461,22562,407,62,5,735,-390,340,4.51,32.89,62.6,0.12,-0.35,0.23
