,Total Confirmed,Total Deaths,Total Recovered,Total Recovered_Est,Total Active_Est,Total Active,Daily New Confirmed,Daily New Deaths,Daily New Recovered,Daily New Recovered_Est,Daily New Active_Est,Daily New Active,Total Mortality_Rate,Total Recovery_Rate,Total Activity_Rate,Change in Mortality_Rate,Change in Recovery_Rate,Change in Activity_Rate
2020-01-22,0,0,0,0,0,0,0,0,0,0,0,0,0.0,0.0,0.0,0.0,0.0,0.0
2020-01-23,0,0,0,0,0,0,0,0,0,0,0,0,0.0,0.0,0.0,0.0,0.0,0.0
2020-01-24,2,0,0,0,2,2,2,0,0,0,2,2,0.0,0.0,100.0,0.0,0.0,100.0
2020-01-25,3,0,0,0,3,3,1,0,0,0,1,1,0.0,0.0,100.0,0.0,0.0,0.0
2020-01-26,3,0,0,0,3,3,0,0,0,0,0,0,0.0,0.0,100.0,0.0,0.0,0.0
2020-01-27,3,0,0,0,3,3,0,0,0,0,0,0,0.0,0.0,100.0,0.0,0.0,0.0
2020-01-28,4,0,0,0,4,4,1,0,0,0,1,1,0.0,0.0,100.0,0.0,0.0,0.0
2020-01-29,5,0,0,0,5,5,1,0,0,0,1,1,0.0,0.0,100.0,0.0,0.0,0.0
2020-01-30,5,0,0,0,5,5,0,0,0,0,0,0,0.0,0.0,100.0,0.0,0.0,0.0
2020-01-31,5,0,0,0,5,5,0,0,0,0,0,0,0.0,0.0,100.0,0.0,0.0,0.0
2020-02-01,6,0,0,0,6,6,1,0,0,0,1,1,0.0,0.0,100.0,0.0,0.0,0.0
2020-02-02,6,0,0,0,6,6,0,0,0,0,0,0,0.0,0.0,100.0,0.0,0.0,0.0
2020-02-03,6,0,0,0,6,6,0,0,0,0,0,0,0.0,0.0,100.0,0.0,0.0,0.0
2020-02-04,6,0,0,0,6,6,0,0,0,0,0,0,0.0,0.0,100.0,0.0,0.0,0.0
2020-02-05,6,0,0,0,6,6,0,0,0,0,0,0,0.0,0.0,100.0,0.0,0.0,0.0
2020-02-06,6,0,0,0,6,6,0,0,0,0,0,0,0.0,0.0,100.0,0.0,0.0,0.0
2020-02-07,6,0,0,0,6,6,0,0,0,0,0,0,0.0,0.0,100.0,0.0,0.0,0.0
2020-02-08,11,0,0,0,11,11,5,0,0,0,5,5,0.0,0.0,100.0,0.0,0.0,0.0
2020-02-09,11,0,0,0,11,11,0,0,0,0,0,0,0.0,0.0,100.0,0.0,0.0,0.0
2020-02-10,11,0,0,0,11,11,0,0,0,0,0,0,0.0,0.0,100.0,0.0,0.0,0.0
2020-02-11,11,0,0,0,11,11,0,0,0,0,0,0,0.0,0.0,100.0,0.0,0.0,0.0
2020-02-12,11,0,2,0,11,9,0,0,2,0,0,-2,0.0,18.18,81.82,0.0,18.18,-18.18
2020-02-13,11,0,2,0,11,9,0,0,0,0,0,0,0.0,18.18,81.82,0.0,0.0,0.0
2020-02-14,11,0,2,0,11,9,0,0,0,0,0,0,0.0,18.18,81.82,0.0,0.0,0.0
2020-02-15,12,1,4,0,11,7,1,1,2,0,0,-2,8.33,33.33,58.33,8.33,15.14,-23.48
2020-02-16,12,1,4,0,11,7,0,0,0,0,0,0,8.33,33.33,58.33,0.0,0.0,0.0
2020-02-17,12,1,4,0,11,7,0,0,0,0,0,0,8.33,33.33,58.33,0.0,0.0,0.0
2020-02-18,12,1,4,0,11,7,0,0,0,0,0,0,8.33,33.33,58.33,0.0,0.0,0.0
2020-02-19,12,1,4,0,11,7,0,0,0,0,0,0,8.33,33.33,58.33,0.0,0.0,0.0
2020-02-20,12,1,4,0,11,7,0,0,0,0,0,0,8.33,33.33,58.33,0.0,0.0,0.0
2020-02-21,12,1,4,0,11,7,0,0,0,0,0,0,8.33,33.33,58.33,0.0,0.0,0.0
2020-02-22,12,1,4,0,11,7,0,0,0,0,0,0,8.33,33.33,58.33,0.0,0.0,0.0
2020-02-23,12,1,4,1,10,7,0,0,0,1,-1,0,8.33,33.33,58.33,0.0,0.0,0.0
2020-02-24,12,1,4,2,9,7,0,0,0,1,-1,0,8.33,33.33,58.33,0.0,0.0,0.0
2020-02-25,14,1,11,3,10,2,2,0,7,1,1,-5,7.14,78.57,14.29,-1.19,45.23,-44.04
2020-02-26,18,2,11,5,11,5,4,1,0,2,1,3,11.11,61.11,27.78,3.97,-17.45,13.49
2020-02-27,38,2,11,7,29,25,20,0,0,2,18,20,5.26,28.95,65.79,-5.85,-32.15,38.01
2020-02-28,57,2,11,10,45,44,19,0,0,3,16,19,3.51,19.3,77.19,-1.75,-9.64,11.39
2020-02-29,100,2,12,14,84,86,43,0,1,4,39,42,2.0,12.0,86.0,-1.5,-7.3,8.81
2020-03-01,130,2,12,19,109,116,30,0,0,5,25,30,1.54,9.23,89.23,-0.46,-2.76,3.23
2020-03-02,191,3,12,26,162,176,61,1,0,7,53,60,1.57,6.28,92.15,0.03,-2.95,2.92
2020-03-03,204,4,12,34,166,188,13,1,0,8,4,12,1.96,5.88,92.16,0.38,-0.4,0.0
2020-03-04,288,4,12,45,239,272,84,0,0,11,73,84,1.39,4.17,94.44,-0.57,-1.71,2.28
2020-03-05,380,6,12,58,316,362,92,2,0,13,77,90,1.58,3.16,95.26,0.19,-1.0,0.82
2020-03-06,656,9,12,74,573,635,276,3,0,16,257,273,1.37,1.83,96.8,-0.2,-1.33,1.53
2020-03-07,959,11,12,94,854,936,303,2,0,20,281,301,1.15,1.25,97.6,-0.22,-0.58,0.79
2020-03-08,1136,19,12,119,998,1105,177,8,0,25,144,169,1.67,1.06,97.27,0.52,-0.18,-0.32
2020-03-09,1219,19,12,149,1051,1188,83,0,0,30,53,83,1.56,0.98,97.46,-0.1,-0.08,0.18
2020-03-10,1794,33,12,186,1575,1749,575,14,0,37,524,561,1.84,0.67,97.49,0.28,-0.3,0.03
2020-03-11,2293,48,12,231,2014,2233,499,15,0,45,439,484,2.09,0.52,97.38,0.24,-0.15,-0.1
2020-03-12,2293,48,12,284,1961,2233,0,0,0,53,-53,0,2.09,0.52,97.38,0.0,0.0,0.0
2020-03-13,3681,79,12,348,3254,3590,1388,31,0,64,1293,1357,2.15,0.33,97.53,0.06,-0.19,0.15
2020-03-14,4496,91,12,424,3981,4393,815,12,0,76,727,803,2.02,0.27,97.71,-0.12,-0.06,0.17
2020-03-15,4532,91,12,514,3927,4429,36,0,0,90,-54,36,2.01,0.26,97.73,-0.01,-0.01,0.02
2020-03-16,6683,149,12,621,5913,6522,2151,58,0,107,1986,2093,2.23,0.18,97.59,0.22,-0.08,-0.14
2020-03-17,7715,149,12,746,6820,7554,1032,0,0,125,907,1032,1.93,0.16,97.91,-0.3,-0.01,0.31
2020-03-18,9124,149,12,893,8082,8963,1409,0,0,147,1262,1409,1.63,0.13,98.24,-0.3,-0.03,0.32
2020-03-19,10970,244,12,1064,9662,10714,1846,95,0,171,1580,1751,2.22,0.11,97.67,0.59,-0.02,-0.56
2020-03-20,12758,451,12,1262,11045,12295,1788,207,0,198,1383,1581,3.54,0.09,96.37,1.31,-0.02,-1.29
2020-03-21,14463,563,12,1490,12410,13888,1705,112,0,228,1365,1593,3.89,0.08,96.02,0.35,0.0,-0.35
2020-03-22,16243,676,2206,1752,13815,13361,1780,113,2194,262,1405,-527,4.16,13.58,82.26,0.27,13.5,-13.75
2020-03-23,20123,862,2206,2054,17207,17055,3880,186,0,302,3392,3694,4.28,10.96,84.75,0.12,-2.61,2.48
2020-03-24,22622,1102,3250,2398,19122,18270,2499,240,1044,344,1915,1215,4.87,14.37,80.76,0.58,3.4,-3.98
2020-03-25,25600,1333,3907,2788,21479,20360,2978,231,657,390,2357,2090,5.21,15.26,79.53,0.33,0.89,-1.23
2020-03-26,29551,1698,4955,3234,24619,22898,3951,365,1048,446,3140,2538,5.75,16.77,77.49,0.54,1.5,-2.04
2020-03-27,33402,1997,5707,3737,27668,25698,3851,299,752,503,3049,2800,5.98,17.09,76.94,0.23,0.32,-0.54
2020-03-28,38105,2317,5724,4305,31483,30064,4703,320,17,568,3815,4366,6.08,15.02,78.9,0.09,-2.07,1.96
2020-03-29,40708,2611,7226,4942,33155,30871,2603,294,1502,637,1672,807,6.41,17.75,75.84,0.33,2.73,-3.06
2020-03-30,45170,3030,7964,5655,36485,34176,4462,419,738,713,3330,3305,6.71,17.63,75.66,0.29,-0.12,-0.18
2020-03-31,52827,3532,9513,6448,42847,39782,7657,502,1549,793,6362,5606,6.69,18.01,75.31,-0.01,0.38,-0.34
2020-04-01,57749,4414,11053,7327,46008,42282,4922,882,1540,879,3161,2500,7.64,19.14,73.22,0.94,1.12,-2.09
2020-04-02,59929,5398,12548,8299,46232,41983,2180,984,1495,972,224,-299,9.01,20.94,70.05,1.37,1.8,-3.17
2020-04-03,65202,6520,14135,9369,49313,44547,5273,1122,1587,1070,3081,2564,10.0,21.68,68.32,0.99,0.73,-1.73
2020-04-04,69500,7574,15572,10542,51384,46354,4298,1054,1437,1173,2071,1807,10.9,22.41,66.7,0.9,0.73,-1.61
2020-04-05,71412,8093,16349,11823,51496,46970,1912,519,777,1281,112,616,11.33,22.89,65.77,0.42,0.48,-0.93
2020-04-06,75343,8926,17428,13217,53200,48989,3931,833,1079,1394,1704,2019,11.85,23.13,65.02,0.51,0.23,-0.75
2020-04-07,79163,10343,19523,14733,54087,49297,3820,1417,2095,1516,887,308,13.07,24.66,62.27,1.22,1.53,-2.74
2020-04-08,83057,10887,21452,16371,55799,50718,3894,544,1929,1638,1712,1421,13.11,25.83,61.06,0.03,1.16,-1.21
2020-04-09,87366,12228,23413,18137,57001,51725,4309,1341,1961,1766,1202,1007,14.0,26.8,59.2,0.89,0.97,-1.85
2020-04-10,91738,13215,25195,20034,58489,53328,4372,987,1782,1897,1488,1603,14.41,27.46,58.13,0.41,0.66,-1.07
2020-04-11,94863,13851,26663,22064,58948,54349,3125,636,1468,2030,459,1021,14.6,28.11,57.29,0.18,0.64,-0.84
2020-04-12,121712,14412,27469,24231,83069,79831,26849,561,806,2167,24121,25482,11.84,22.57,65.59,-2.76,-5.53,8.3
2020-04-13,125394,14986,28001,26537,83871,82407,3682,574,532,2306,802,2576,11.95,22.33,65.72,0.1,-0.24,0.12
2020-04-14,131361,15748,29098,28983,86630,86515,5967,762,1097,2446,2759,4108,11.99,22.15,65.86,0.04,-0.17,0.14
2020-04-15,134582,17188,31470,31566,85828,85924,3221,1440,2372,2583,-802,-591,12.77,23.38,63.85,0.77,1.23,-2.0
2020-04-16,147091,17941,33327,34290,94860,95823,12509,753,1857,2724,9032,9899,12.2,22.66,65.15,-0.57,-0.71,1.3
2020-04-17,149130,18703,35006,37148,93279,95421,2039,762,1679,2858,-1581,-402,12.54,23.47,63.99,0.33,0.8,-1.16
2020-04-18,149149,19345,36587,40140,89664,93217,19,642,1581,2992,-3615,-2204,12.97,24.53,62.5,0.43,1.06,-1.49
2020-04-19,154097,19744,37183,43259,91094,97170,4948,399,596,3119,1430,3953,12.81,24.13,63.06,-0.16,-0.4,0.56
2020-04-20,154098,19744,37188,46502,87852,97166,1,0,5,3243,-3242,-4,12.81,24.13,63.05,0.0,0.0,-0.01
