,Total Confirmed,Total Deaths,Total Recovered,Total Recovered_Est,Total Active_Est,Total Active,Daily New Confirmed,Daily New Deaths,Daily New Recovered,Daily New Recovered_Est,Daily New Active_Est,Daily New Active,Total Mortality_Rate,Total Recovery_Rate,Total Activity_Rate,Change in Mortality_Rate,Change in Recovery_Rate,Change in Activity_Rate
2020-01-22,0,0,0,0,0,0,0,0,0,0,0,0,0.0,0.0,0.0,0.0,0.0,0.0
2020-01-23,0,0,0,0,0,0,0,0,0,0,0,0,0.0,0.0,0.0,0.0,0.0,0.0
2020-01-24,0,0,0,0,0,0,0,0,0,0,0,0,0.0,0.0,0.0,0.0,0.0,0.0
2020-01-25,0,0,0,0,0,0,0,0,0,0,0,0,0.0,0.0,0.0,0.0,0.0,0.0
2020-01-26,0,0,0,0,0,0,0,0,0,0,0,0,0.0,0.0,0.0,0.0,0.0,0.0
2020-01-27,1,0,0,0,1,1,1,0,0,0,1,1,0.0,0.0,100.0,0.0,0.0,100.0
2020-01-28,1,0,0,0,1,1,0,0,0,0,0,0,0.0,0.0,100.0,0.0,0.0,0.0
2020-01-29,1,0,0,0,1,1,0,0,0,0,0,0,0.0,0.0,100.0,0.0,0.0,0.0
2020-01-30,1,0,0,0,1,1,0,0,0,0,0,0,0.0,0.0,100.0,0.0,0.0,0.0
2020-01-31,1,0,0,0,1,1,0,0,0,0,0,0,0.0,0.0,100.0,0.0,0.0,0.0
2020-02-01,1,0,0,0,1,1,0,0,0,0,0,0,0.0,0.0,100.0,0.0,0.0,0.0
2020-02-02,1,0,0,0,1,1,0,0,0,0,0,0,0.0,0.0,100.0,0.0,0.0,0.0
2020-02-03,1,0,0,0,1,1,0,0,0,0,0,0,0.0,0.0,100.0,0.0,0.0,0.0
2020-02-04,1,0,0,0,1,1,0,0,0,0,0,0,0.0,0.0,100.0,0.0,0.0,0.0
2020-02-05,1,0,0,0,1,1,0,0,0,0,0,0,0.0,0.0,100.0,0.0,0.0,0.0
2020-02-06,1,0,0,0,1,1,0,0,0,0,0,0,0.0,0.0,100.0,0.0,0.0,0.0
2020-02-07,1,0,0,0,1,1,0,0,0,0,0,0,0.0,0.0,100.0,0.0,0.0,0.0
2020-02-08,1,0,1,0,1,0,0,0,1,0,0,-1,0.0,100.0,0.0,0.0,100.0,-100.0
2020-02-09,1,0,1,0,1,0,0,0,0,0,0,0,0.0,100.0,0.0,0.0,0.0,0.0
2020-02-10,1,0,1,0,1,0,0,0,0,0,0,0,0.0,100.0,0.0,0.0,0.0,0.0
2020-02-11,1,0,1,0,1,0,0,0,0,0,0,0,0.0,100.0,0.0,0.0,0.0,0.0
2020-02-12,1,0,1,0,1,0,0,0,0,0,0,0,0.0,100.0,0.0,0.0,0.0,0.0
2020-02-13,1,0,1,0,1,0,0,0,0,0,0,0,0.0,100.0,0.0,0.0,0.0,0.0
2020-02-14,1,0,1,0,1,0,0,0,0,0,0,0,0.0,100.0,0.0,0.0,0.0,0.0
2020-02-15,1,0,1,0,1,0,0,0,0,0,0,0,0.0,100.0,0.0,0.0,0.0,0.0
2020-02-16,1,0,1,0,1,0,0,0,0,0,0,0,0.0,100.0,0.0,0.0,0.0,0.0
2020-02-17,1,0,1,0,1,0,0,0,0,0,0,0,0.0,100.0,0.0,0.0,0.0,0.0
2020-02-18,1,0,1,0,1,0,0,0,0,0,0,0,0.0,100.0,0.0,0.0,0.0,0.0
2020-02-19,1,0,1,0,1,0,0,0,0,0,0,0,0.0,100.0,0.0,0.0,0.0,0.0
2020-02-20,1,0,1,0,1,0,0,0,0,0,0,0,0.0,100.0,0.0,0.0,0.0,0.0
2020-02-21,1,0,1,0,1,0,0,0,0,0,0,0,0.0,100.0,0.0,0.0,0.0,0.0
2020-02-22,1,0,1,0,1,0,0,0,0,0,0,0,0.0,100.0,0.0,0.0,0.0,0.0
2020-02-23,1,0,1,0,1,0,0,0,0,0,0,0,0.0,100.0,0.0,0.0,0.0,0.0
2020-02-24,1,0,1,0,1,0,0,0,0,0,0,0,0.0,100.0,0.0,0.0,0.0,0.0
2020-02-25,1,0,1,0,1,0,0,0,0,0,0,0,0.0,100.0,0.0,0.0,0.0,0.0
2020-02-26,1,0,1,0,1,0,0,0,0,0,0,0,0.0,100.0,0.0,0.0,0.0,0.0
2020-02-27,1,0,1,0,1,0,0,0,0,0,0,0,0.0,100.0,0.0,0.0,0.0,0.0
2020-02-28,1,0,1,0,1,0,0,0,0,0,0,0,0.0,100.0,0.0,0.0,0.0,0.0
2020-02-29,1,0,1,0,1,0,0,0,0,0,0,0,0.0,100.0,0.0,0.0,0.0,0.0
2020-03-01,1,0,1,0,1,0,0,0,0,0,0,0,0.0,100.0,0.0,0.0,0.0,0.0
2020-03-02,1,0,1,0,1,0,0,0,0,0,0,0,0.0,100.0,0.0,0.0,0.0,0.0
2020-03-03,1,0,1,0,1,0,0,0,0,0,0,0,0.0,100.0,0.0,0.0,0.0,0.0
2020-03-04,1,0,1,0,1,0,0,0,0,0,0,0,0.0,100.0,0.0,0.0,0.0,0.0
2020-03-05,1,0,1,0,1,0,0,0,0,0,0,0,0.0,100.0,0.0,0.0,0.0,0.0
2020-03-06,1,0,1,0,1,0,0,0,0,0,0,0,0.0,100.0,0.0,0.0,0.0,0.0
2020-03-07,1,0,1,0,1,0,0,0,0,0,0,0,0.0,100.0,0.0,0.0,0.0,0.0
2020-03-08,1,0,1,0,1,0,0,0,0,0,0,0,0.0,100.0,0.0,0.0,0.0,0.0
2020-03-09,1,0,1,0,1,0,0,0,0,0,0,0,0.0,100.0,0.0,0.0,0.0,0.0
2020-03-10,1,0,1,0,1,0,0,0,0,0,0,0,0.0,100.0,0.0,0.0,0.0,0.0
2020-03-11,2,0,1,0,2,1,1,0,0,0,1,1,0.0,50.0,50.0,0.0,-50.0,50.0
2020-03-12,2,0,1,0,2,1,0,0,0,0,0,0,0.0,50.0,50.0,0.0,0.0,0.0
2020-03-13,6,0,1,0,6,5,4,0,0,0,4,4,0.0,16.67,83.33,0.0,-33.33,33.33
2020-03-14,10,0,1,0,10,9,4,0,0,0,4,4,0.0,10.0,90.0,0.0,-6.67,6.67
2020-03-15,18,0,1,0,18,17,8,0,0,0,8,8,0.0,5.56,94.44,0.0,-4.44,4.43
2020-03-16,28,0,1,0,28,27,10,0,0,0,10,10,0.0,3.57,96.43,0.0,-1.98,1.99
2020-03-17,44,0,1,0,44,43,16,0,0,0,16,16,0.0,2.27,97.73,0.0,-1.29,1.29
2020-03-18,51,0,1,0,51,50,7,0,0,0,7,7,0.0,1.96,98.04,0.0,-0.31,0.31
2020-03-19,60,0,3,0,60,57,9,0,2,0,9,7,0.0,5.0,95.0,0.0,3.04,-3.04
2020-03-20,73,0,3,0,73,70,13,0,0,0,13,13,0.0,4.11,95.89,0.0,-0.88,0.89
2020-03-21,77,0,1,0,77,76,4,0,-2,0,4,6,0.0,1.3,98.7,0.0,-2.81,2.81
2020-03-22,82,0,3,0,82,79,5,0,2,0,5,3,0.0,3.66,96.34,0.0,2.36,-2.35
2020-03-23,97,0,3,1,96,94,15,0,0,1,14,15,0.0,3.09,96.91,0.0,-0.57,0.56
2020-03-24,102,0,2,2,100,100,5,0,-1,1,4,6,0.0,1.96,98.04,0.0,-1.12,1.13
2020-03-25,102,0,3,3,99,99,0,0,1,1,-1,-1,0.0,2.94,97.06,0.0,0.98,-0.98
2020-03-26,106,0,7,4,102,99,4,0,4,1,3,0,0.0,6.6,93.4,0.0,3.65,-3.65
2020-03-27,106,0,7,5,101,99,0,0,0,1,-1,0,0.0,6.6,93.4,0.0,0.0,0.0
2020-03-28,113,1,9,6,106,103,7,1,2,1,5,4,0.88,7.96,91.15,0.88,1.36,-2.25
2020-03-29,117,1,11,8,108,105,4,0,2,2,2,2,0.85,9.4,89.74,-0.03,1.44,-1.41
2020-03-30,122,2,15,10,110,105,5,1,4,2,2,0,1.64,12.3,86.07,0.78,2.9,-3.67
2020-03-31,143,2,17,12,129,124,21,0,2,2,19,19,1.4,11.89,86.71,-0.24,-0.41,0.64
2020-04-01,146,3,21,14,129,122,3,1,4,2,0,-2,2.05,14.38,83.56,0.64,2.49,-3.14
2020-04-02,151,4,21,16,131,126,5,1,0,2,2,4,2.65,13.91,83.44,0.6,-0.47,-0.12
2020-04-03,159,4,24,19,136,131,8,0,3,3,5,5,2.52,15.09,82.39,-0.12,1.17,-1.04
2020-04-04,166,5,27,22,139,134,7,1,3,3,3,3,3.01,16.27,80.72,0.48,1.17,-1.67
2020-04-05,176,5,33,25,146,138,10,0,6,3,7,4,2.84,18.75,78.41,-0.16,2.48,-2.31
2020-04-06,178,5,38,28,145,135,2,0,5,3,-1,-3,2.81,21.35,75.84,-0.02,2.6,-2.56
2020-04-07,185,6,42,32,147,137,7,1,4,4,2,2,3.24,22.7,74.05,0.43,1.34,-1.79
2020-04-08,189,7,44,36,146,138,4,1,2,4,-1,1,3.7,23.28,73.02,0.46,0.58,-1.03
2020-04-09,190,7,49,40,143,134,1,0,5,4,-3,-4,3.68,25.79,70.53,-0.02,2.5,-2.48
2020-04-10,190,7,54,44,139,129,0,0,5,4,-4,-5,3.68,28.42,67.89,0.0,2.63,-2.64
2020-04-11,198,7,54,48,143,137,8,0,0,4,4,8,3.54,27.27,69.19,-0.14,-1.15,1.29
2020-04-12,210,7,56,53,150,147,12,0,2,5,7,10,3.33,26.67,70.0,-0.2,-0.59,0.81
2020-04-13,217,7,56,58,152,154,7,0,0,5,2,7,3.23,25.81,70.97,-0.1,-0.86,0.96
2020-04-14,233,7,61,63,163,165,16,0,5,5,11,11,3.0,26.18,70.82,-0.23,0.37,-0.15
2020-04-15,238,7,63,68,163,168,5,0,2,5,0,3,2.94,26.47,70.59,-0.06,0.28,-0.22
2020-04-16,238,7,68,73,158,163,0,0,5,5,-5,-5,2.94,28.57,68.49,0.0,2.1,-2.1
2020-04-17,244,7,77,78,159,160,6,0,9,5,1,-3,2.87,31.56,65.57,-0.06,2.98,-2.92
2020-04-18,254,7,86,83,164,161,10,0,9,5,5,1,2.76,33.86,63.39,-0.11,2.3,-2.17
2020-04-19,271,7,96,88,176,168,17,0,10,5,12,7,2.58,35.42,61.99,-0.17,1.56,-1.39
2020-04-20,295,7,96,94,194,192,24,0,0,6,18,24,2.37,32.54,65.08,-0.2,-2.88,3.08
