,Total Confirmed,Total Deaths,Total Recovered,Total Recovered_Est,Total Active_Est,Total Active,Daily New Confirmed,Daily New Deaths,Daily New Recovered,Daily New Recovered_Est,Daily New Active_Est,Daily New Active,Total Mortality_Rate,Total Recovery_Rate,Total Activity_Rate,Change in Mortality_Rate,Change in Recovery_Rate,Change in Activity_Rate
2020-01-22,0,0,0,0,0,0,0,0,0,0,0,0,0.0,0.0,0.0,0.0,0.0,0.0
2020-01-23,0,0,0,0,0,0,0,0,0,0,0,0,0.0,0.0,0.0,0.0,0.0,0.0
2020-01-24,0,0,0,0,0,0,0,0,0,0,0,0,0.0,0.0,0.0,0.0,0.0,0.0
2020-01-25,0,0,0,0,0,0,0,0,0,0,0,0,0.0,0.0,0.0,0.0,0.0,0.0
2020-01-26,0,0,0,0,0,0,0,0,0,0,0,0,0.0,0.0,0.0,0.0,0.0,0.0
2020-01-27,0,0,0,0,0,0,0,0,0,0,0,0,0.0,0.0,0.0,0.0,0.0,0.0
2020-01-28,0,0,0,0,0,0,0,0,0,0,0,0,0.0,0.0,0.0,0.0,0.0,0.0
2020-01-29,0,0,0,0,0,0,0,0,0,0,0,0,0.0,0.0,0.0,0.0,0.0,0.0
2020-01-30,0,0,0,0,0,0,0,0,0,0,0,0,0.0,0.0,0.0,0.0,0.0,0.0
2020-01-31,0,0,0,0,0,0,0,0,0,0,0,0,0.0,0.0,0.0,0.0,0.0,0.0
2020-02-01,0,0,0,0,0,0,0,0,0,0,0,0,0.0,0.0,0.0,0.0,0.0,0.0
2020-02-02,0,0,0,0,0,0,0,0,0,0,0,0,0.0,0.0,0.0,0.0,0.0,0.0
2020-02-03,0,0,0,0,0,0,0,0,0,0,0,0,0.0,0.0,0.0,0.0,0.0,0.0
2020-02-04,0,0,0,0,0,0,0,0,0,0,0,0,0.0,0.0,0.0,0.0,0.0,0.0
2020-02-05,0,0,0,0,0,0,0,0,0,0,0,0,0.0,0.0,0.0,0.0,0.0,0.0
2020-02-06,0,0,0,0,0,0,0,0,0,0,0,0,0.0,0.0,0.0,0.0,0.0,0.0
2020-02-07,0,0,0,0,0,0,0,0,0,0,0,0,0.0,0.0,0.0,0.0,0.0,0.0
2020-02-08,0,0,0,0,0,0,0,0,0,0,0,0,0.0,0.0,0.0,0.0,0.0,0.0
2020-02-09,0,0,0,0,0,0,0,0,0,0,0,0,0.0,0.0,0.0,0.0,0.0,0.0
2020-02-10,0,0,0,0,0,0,0,0,0,0,0,0,0.0,0.0,0.0,0.0,0.0,0.0
2020-02-11,0,0,0,0,0,0,0,0,0,0,0,0,0.0,0.0,0.0,0.0,0.0,0.0
2020-02-12,0,0,0,0,0,0,0,0,0,0,0,0,0.0,0.0,0.0,0.0,0.0,0.0
2020-02-13,0,0,0,0,0,0,0,0,0,0,0,0,0.0,0.0,0.0,0.0,0.0,0.0
2020-02-14,1,0,0,0,1,1,1,0,0,0,1,1,0.0,0.0,100.0,0.0,0.0,100.0
2020-02-15,1,0,0,0,1,1,0,0,0,0,0,0,0.0,0.0,100.0,0.0,0.0,0.0
2020-02-16,1,0,0,0,1,1,0,0,0,0,0,0,0.0,0.0,100.0,0.0,0.0,0.0
2020-02-17,1,0,0,0,1,1,0,0,0,0,0,0,0.0,0.0,100.0,0.0,0.0,0.0
2020-02-18,1,0,0,0,1,1,0,0,0,0,0,0,0.0,0.0,100.0,0.0,0.0,0.0
2020-02-19,1,0,0,0,1,1,0,0,0,0,0,0,0.0,0.0,100.0,0.0,0.0,0.0
2020-02-20,1,0,0,0,1,1,0,0,0,0,0,0,0.0,0.0,100.0,0.0,0.0,0.0
2020-02-21,1,0,0,0,1,1,0,0,0,0,0,0,0.0,0.0,100.0,0.0,0.0,0.0
2020-02-22,1,0,0,0,1,1,0,0,0,0,0,0,0.0,0.0,100.0,0.0,0.0,0.0
2020-02-23,1,0,0,0,1,1,0,0,0,0,0,0,0.0,0.0,100.0,0.0,0.0,0.0
2020-02-24,1,0,0,0,1,1,0,0,0,0,0,0,0.0,0.0,100.0,0.0,0.0,0.0
2020-02-25,1,0,0,0,1,1,0,0,0,0,0,0,0.0,0.0,100.0,0.0,0.0,0.0
2020-02-26,1,0,0,0,1,1,0,0,0,0,0,0,0.0,0.0,100.0,0.0,0.0,0.0
2020-02-27,1,0,0,0,1,1,0,0,0,0,0,0,0.0,0.0,100.0,0.0,0.0,0.0
2020-02-28,1,0,1,0,1,0,0,0,1,0,0,-1,0.0,100.0,0.0,0.0,100.0,-100.0
2020-02-29,1,0,1,0,1,0,0,0,0,0,0,0,0.0,100.0,0.0,0.0,0.0,0.0
2020-03-01,2,0,1,0,2,1,1,0,0,0,1,1,0.0,50.0,50.0,0.0,-50.0,50.0
2020-03-02,2,0,1,0,2,1,0,0,0,0,0,0,0.0,50.0,50.0,0.0,0.0,0.0
2020-03-03,2,0,1,0,2,1,0,0,0,0,0,0,0.0,50.0,50.0,0.0,0.0,0.0
2020-03-04,2,0,1,0,2,1,0,0,0,0,0,0,0.0,50.0,50.0,0.0,0.0,0.0
2020-03-05,3,0,1,0,3,2,1,0,0,0,1,1,0.0,33.33,66.67,0.0,-16.67,16.67
2020-03-06,15,0,1,0,15,14,12,0,0,0,12,12,0.0,6.67,93.33,0.0,-26.65,26.65
2020-03-07,15,0,1,0,15,14,0,0,0,0,0,0,0.0,6.67,93.33,0.0,0.0,0.0
2020-03-08,49,1,1,0,48,47,34,1,0,0,33,33,2.04,2.04,95.92,2.04,-4.63,2.59
2020-03-09,55,1,1,0,54,53,6,0,0,0,6,6,1.82,1.82,96.36,-0.21,-0.21,0.43
2020-03-10,59,1,1,0,58,57,4,0,0,0,4,4,1.69,1.69,96.61,-0.13,-0.13,0.25
2020-03-11,60,1,27,1,58,32,1,0,26,1,0,-25,1.67,45.0,53.33,-0.02,43.31,-43.28
2020-03-12,67,1,27,2,64,39,7,0,0,1,6,7,1.49,40.3,58.21,-0.17,-4.7,4.88
2020-03-13,80,2,27,3,75,51,13,1,0,1,11,12,2.5,33.75,63.75,1.01,-6.54,5.53
2020-03-14,109,2,27,4,103,80,29,0,0,1,28,29,1.83,24.77,73.39,-0.67,-8.98,9.64
2020-03-15,110,2,21,5,103,87,1,0,-6,1,0,7,1.82,19.09,79.09,-0.01,-5.68,5.7
2020-03-16,150,2,27,7,141,121,40,0,6,2,38,34,1.33,18.0,80.67,-0.49,-1.08,1.57
2020-03-17,196,4,32,9,183,160,46,2,5,2,42,39,2.04,16.33,81.63,0.71,-1.67,0.95
2020-03-18,196,6,32,11,179,158,0,2,0,2,-4,-2,3.06,16.33,80.61,1.02,0.0,-1.01
2020-03-19,256,6,32,14,236,218,60,0,0,3,57,60,2.34,12.5,85.16,-0.72,-3.82,4.54
2020-03-20,285,8,39,17,260,238,29,2,7,3,24,20,2.81,13.68,83.51,0.47,1.17,-1.64
2020-03-21,294,10,41,21,263,243,9,2,2,4,3,5,3.4,13.95,82.65,0.58,0.26,-0.85
2020-03-22,327,14,56,26,287,257,33,4,15,5,24,14,4.28,17.13,78.59,0.88,3.18,-4.06
2020-03-23,366,19,56,31,316,291,39,5,0,5,29,34,5.19,15.3,79.51,0.91,-1.82,0.92
2020-03-24,402,20,80,37,345,302,36,1,24,6,29,11,4.98,19.9,75.12,-0.2,4.59,-4.39
2020-03-25,456,21,95,44,391,340,54,1,15,7,46,38,4.61,20.83,74.56,-0.37,0.92,-0.56
2020-03-26,495,24,102,52,419,369,39,3,7,8,28,29,4.85,20.61,74.55,0.23,-0.21,-0.01
2020-03-27,536,30,116,61,445,390,41,6,14,9,26,21,5.6,21.64,72.76,0.75,1.03,-1.78
2020-03-28,576,36,121,71,469,419,40,6,5,10,24,29,6.25,21.01,72.74,0.65,-0.62,-0.02
2020-03-29,609,40,132,82,487,437,33,4,11,11,18,18,6.57,21.67,71.76,0.32,0.66,-0.97
2020-03-30,656,41,150,94,521,465,47,1,18,12,34,28,6.25,22.87,70.88,-0.32,1.19,-0.88
2020-03-31,710,46,157,107,557,507,54,5,7,13,36,42,6.48,22.11,71.41,0.23,-0.76,0.53
2020-04-01,779,52,179,122,605,548,69,6,22,15,48,41,6.68,22.98,70.35,0.19,0.87,-1.06
2020-04-02,865,58,201,138,669,606,86,6,22,16,64,58,6.71,23.24,70.06,0.03,0.25,-0.28
2020-04-03,985,66,216,156,763,703,120,8,15,18,94,97,6.7,21.93,71.37,0.0,-1.3,1.31
2020-04-04,1070,71,241,176,823,758,85,5,25,20,60,55,6.64,22.52,70.84,-0.06,0.58,-0.53
2020-04-05,1173,78,247,197,898,848,103,7,6,21,75,90,6.65,21.06,72.29,0.01,-1.46,1.45
2020-04-06,1322,85,259,220,1017,978,149,7,12,23,119,130,6.43,19.59,73.98,-0.22,-1.46,1.68
2020-04-07,1450,94,276,245,1111,1080,128,9,17,25,94,102,6.48,19.03,74.48,0.05,-0.55,0.5
2020-04-08,1560,103,305,272,1185,1152,110,9,29,27,74,72,6.6,19.55,73.85,0.11,0.51,-0.63
2020-04-09,1699,118,348,302,1279,1233,139,15,43,30,94,81,6.95,20.48,72.57,0.35,0.92,-1.28
2020-04-10,1794,135,384,334,1325,1275,95,17,36,32,46,42,7.53,21.4,71.07,0.58,0.91,-1.5
2020-04-11,1939,146,426,368,1425,1367,145,11,42,34,100,92,7.53,21.97,70.5,0.0,0.57,-0.56
2020-04-12,2065,159,589,405,1501,1317,126,13,163,37,76,-50,7.7,28.52,63.78,0.16,6.55,-6.71
2020-04-13,2190,164,589,444,1582,1437,125,5,0,39,81,120,7.49,26.89,65.62,-0.2,-1.62,1.84
2020-04-14,2350,178,589,486,1686,1583,160,14,0,42,104,146,7.57,25.06,67.36,0.08,-1.83,1.73
2020-04-15,2505,183,589,531,1791,1733,155,5,0,45,105,150,7.31,23.51,69.18,-0.26,-1.54,1.82
2020-04-16,2673,196,596,579,1898,1881,168,13,7,48,107,148,7.33,22.3,70.37,0.02,-1.21,1.18
2020-04-17,2844,205,646,629,2010,1993,171,9,50,50,112,112,7.21,22.71,70.08,-0.12,0.41,-0.29
2020-04-18,3032,224,701,682,2126,2107,188,19,55,53,116,114,7.39,23.12,69.49,0.17,0.41,-0.59
2020-04-19,3144,239,732,738,2167,2173,112,15,31,56,41,66,7.6,23.28,69.12,0.2,0.16,-0.36
2020-04-20,3144,239,732,797,2108,2173,0,0,0,59,-59,0,7.6,23.28,69.12,0.0,0.0,0.0
