,Total Confirmed,Total Deaths,Total Recovered,Total Recovered_Est,Total Active_Est,Total Active,Daily New Confirmed,Daily New Deaths,Daily New Recovered,Daily New Recovered_Est,Daily New Active_Est,Daily New Active,Total Mortality_Rate,Total Recovery_Rate,Total Activity_Rate,Change in Mortality_Rate,Change in Recovery_Rate,Change in Activity_Rate
2020-01-22,0,0,0,0,0,0,0,0,0,0,0,0,0.0,0.0,0.0,0.0,0.0,0.0
2020-01-23,0,0,0,0,0,0,0,0,0,0,0,0,0.0,0.0,0.0,0.0,0.0,0.0
2020-01-24,0,0,0,0,0,0,0,0,0,0,0,0,0.0,0.0,0.0,0.0,0.0,0.0
2020-01-25,3,0,0,0,3,3,3,0,0,0,3,3,0.0,0.0,100.0,0.0,0.0,100.0
2020-01-26,4,0,0,0,4,4,1,0,0,0,1,1,0.0,0.0,100.0,0.0,0.0,0.0
2020-01-27,4,0,0,0,4,4,0,0,0,0,0,0,0.0,0.0,100.0,0.0,0.0,0.0
2020-01-28,4,0,0,0,4,4,0,0,0,0,0,0,0.0,0.0,100.0,0.0,0.0,0.0
2020-01-29,7,0,0,0,7,7,3,0,0,0,3,3,0.0,0.0,100.0,0.0,0.0,0.0
2020-01-30,8,0,0,0,8,8,1,0,0,0,1,1,0.0,0.0,100.0,0.0,0.0,0.0
2020-01-31,8,0,0,0,8,8,0,0,0,0,0,0,0.0,0.0,100.0,0.0,0.0,0.0
2020-02-01,8,0,0,0,8,8,0,0,0,0,0,0,0.0,0.0,100.0,0.0,0.0,0.0
2020-02-02,8,0,0,0,8,8,0,0,0,0,0,0,0.0,0.0,100.0,0.0,0.0,0.0
2020-02-03,8,0,0,0,8,8,0,0,0,0,0,0,0.0,0.0,100.0,0.0,0.0,0.0
2020-02-04,10,0,0,0,10,10,2,0,0,0,2,2,0.0,0.0,100.0,0.0,0.0,0.0
2020-02-05,12,0,0,0,12,12,2,0,0,0,2,2,0.0,0.0,100.0,0.0,0.0,0.0
2020-02-06,12,0,0,0,12,12,0,0,0,0,0,0,0.0,0.0,100.0,0.0,0.0,0.0
2020-02-07,12,0,1,0,12,11,0,0,1,0,0,-1,0.0,8.33,91.67,0.0,8.33,-8.32
2020-02-08,16,0,1,0,16,15,4,0,0,0,4,4,0.0,6.25,93.75,0.0,-2.08,2.07
2020-02-09,16,0,1,0,16,15,0,0,0,0,0,0,0.0,6.25,93.75,0.0,0.0,0.0
2020-02-10,18,0,1,0,18,17,2,0,0,0,2,2,0.0,5.56,94.44,0.0,-0.69,0.68
2020-02-11,18,0,3,0,18,15,0,0,2,0,0,-2,0.0,16.67,83.33,0.0,11.11,-11.11
2020-02-12,18,0,3,0,18,15,0,0,0,0,0,0,0.0,16.67,83.33,0.0,0.0,0.0
2020-02-13,19,0,3,0,19,16,1,0,0,0,1,1,0.0,15.79,84.21,0.0,-0.88,0.87
2020-02-14,19,0,3,0,19,16,0,0,0,0,0,0,0.0,15.79,84.21,0.0,0.0,0.0
2020-02-15,22,0,7,0,22,15,3,0,4,0,3,-1,0.0,31.82,68.18,0.0,16.03,-16.02
2020-02-16,22,0,7,0,22,15,0,0,0,0,0,0,0.0,31.82,68.18,0.0,0.0,0.0
2020-02-17,22,0,7,0,22,15,0,0,0,0,0,0,0.0,31.82,68.18,0.0,0.0,0.0
2020-02-18,22,0,13,0,22,9,0,0,6,0,0,-6,0.0,59.09,40.91,0.0,27.27,-27.27
2020-02-19,22,0,15,0,22,7,0,0,2,0,0,-2,0.0,68.18,31.82,0.0,9.09,-9.08
2020-02-20,22,0,15,0,22,7,0,0,0,0,0,0,0.0,68.18,31.82,0.0,0.0,0.0
2020-02-21,22,0,15,0,22,7,0,0,0,0,0,0,0.0,68.18,31.82,0.0,0.0,0.0
2020-02-22,22,0,15,0,22,7,0,0,0,0,0,0,0.0,68.18,31.82,0.0,0.0,0.0
2020-02-23,22,0,15,0,22,7,0,0,0,0,0,0,0.0,68.18,31.82,0.0,0.0,0.0
2020-02-24,22,0,18,0,22,4,0,0,3,0,0,-3,0.0,81.82,18.18,0.0,13.63,-13.64
2020-02-25,22,0,18,0,22,4,0,0,0,0,0,0,0.0,81.82,18.18,0.0,0.0,0.0
2020-02-26,22,0,18,0,22,4,0,0,0,0,0,0,0.0,81.82,18.18,0.0,0.0,0.0
2020-02-27,23,0,18,0,23,5,1,0,0,0,1,1,0.0,78.26,21.74,0.0,-3.55,3.55
2020-02-28,23,0,18,0,23,5,0,0,0,0,0,0,0.0,78.26,21.74,0.0,0.0,0.0
2020-02-29,25,0,18,0,25,7,2,0,0,0,2,2,0.0,72.0,28.0,0.0,-6.26,6.26
2020-03-01,29,0,18,1,28,11,4,0,0,1,3,4,0.0,62.07,37.93,0.0,-9.93,9.93
2020-03-02,29,0,18,2,27,11,0,0,0,1,-1,0,0.0,62.07,37.93,0.0,0.0,0.0
2020-03-03,36,0,22,3,33,14,7,0,4,1,6,3,0.0,61.11,38.89,0.0,-0.96,0.96
2020-03-04,50,0,22,4,46,28,14,0,0,1,13,14,0.0,44.0,56.0,0.0,-17.11,17.11
2020-03-05,50,0,22,5,45,28,0,0,0,1,-1,0,0.0,44.0,56.0,0.0,0.0,0.0
2020-03-06,83,0,22,6,77,61,33,0,0,1,32,33,0.0,26.51,73.49,0.0,-17.48,17.48
2020-03-07,93,0,23,8,85,70,10,0,1,2,8,9,0.0,24.73,75.27,0.0,-1.78,1.78
2020-03-08,99,0,24,10,89,75,6,0,1,2,4,5,0.0,24.24,75.76,0.0,-0.49,0.49
2020-03-09,117,0,24,12,105,93,18,0,0,2,16,18,0.0,20.51,79.49,0.0,-3.72,3.72
2020-03-10,129,0,24,15,114,105,12,0,0,3,9,12,0.0,18.6,81.4,0.0,-1.91,1.91
2020-03-11,149,0,26,18,131,123,20,0,2,3,17,18,0.0,17.45,82.55,0.0,-1.15,1.14
2020-03-12,149,0,26,22,127,123,0,0,0,4,-4,0,0.0,17.45,82.55,0.0,0.0,0.0
2020-03-13,197,0,26,26,171,171,48,0,0,4,44,48,0.0,13.2,86.8,0.0,-4.25,4.25
2020-03-14,238,0,35,31,207,203,41,0,9,5,36,32,0.0,14.71,85.29,0.0,1.51,-1.5
2020-03-15,428,0,42,37,391,386,190,0,7,6,184,183,0.0,9.81,90.19,0.0,-4.9,4.89
2020-03-16,566,0,42,44,522,524,138,0,0,7,131,138,0.0,7.42,92.58,0.0,-2.39,2.39
2020-03-17,673,2,49,53,618,622,107,2,7,9,96,98,0.3,7.28,92.42,0.3,-0.13,-0.15
2020-03-18,790,2,60,63,725,728,117,0,11,10,107,106,0.25,7.59,92.15,-0.04,0.3,-0.26
2020-03-19,900,2,75,74,824,823,110,0,15,11,99,95,0.22,8.33,91.44,-0.03,0.74,-0.71
2020-03-20,1030,3,87,87,940,940,130,1,12,13,116,117,0.29,8.45,91.26,0.06,0.11,-0.17
2020-03-21,1183,4,114,102,1077,1065,153,1,27,15,137,125,0.34,9.64,90.03,0.05,1.19,-1.23
2020-03-22,1306,10,139,119,1177,1157,123,6,25,17,100,92,0.77,10.64,88.59,0.43,1.0,-1.43
2020-03-23,1518,14,139,139,1365,1365,212,4,0,20,188,208,0.92,9.16,89.92,0.15,-1.48,1.32
2020-03-24,1624,16,183,161,1447,1425,106,2,44,22,82,60,0.99,11.27,87.75,0.06,2.1,-2.17
2020-03-25,1796,20,199,186,1590,1577,172,4,16,25,143,152,1.11,11.08,87.81,0.12,-0.18,0.06
2020-03-26,2031,23,215,214,1794,1793,235,3,16,28,204,216,1.13,10.59,88.28,0.01,-0.49,0.46
2020-03-27,2161,26,259,246,1889,1876,130,3,44,32,95,83,1.2,11.99,86.81,0.07,1.4,-1.46
2020-03-28,2320,27,320,281,2012,1973,159,1,61,35,123,97,1.16,13.79,85.04,-0.04,1.79,-1.76
2020-03-29,2470,35,388,320,2115,2047,150,8,68,39,103,74,1.42,15.71,82.87,0.26,1.92,-2.17
2020-03-30,2626,37,479,363,2226,2110,156,2,91,43,111,63,1.41,18.24,80.35,-0.01,2.52,-2.52
2020-03-31,2766,43,537,410,2313,2186,140,6,58,47,87,76,1.55,19.41,79.03,0.14,1.17,-1.31
2020-04-01,2908,45,645,462,2401,2218,142,2,108,52,88,32,1.55,22.18,76.27,0.0,2.76,-2.76
2020-04-02,3116,50,767,518,2548,2299,208,5,122,56,147,81,1.6,24.61,73.78,0.05,2.42,-2.48
2020-04-03,3333,53,827,579,2701,2453,217,3,60,61,153,154,1.59,24.81,73.6,-0.01,0.19,-0.18
2020-04-04,3483,57,915,645,2781,2511,150,4,88,66,80,58,1.64,26.27,72.09,0.04,1.46,-1.5
2020-04-05,3662,61,1005,715,2886,2596,179,4,90,70,105,85,1.67,27.44,70.89,0.03,1.17,-1.2
2020-04-06,3793,62,1241,790,2941,2490,131,1,236,75,55,-106,1.63,32.72,65.65,-0.04,5.27,-5.23
2020-04-07,3963,63,1321,870,3030,2579,170,1,80,80,89,89,1.59,33.33,65.08,-0.03,0.6,-0.57
2020-04-08,4119,65,1487,955,3099,2567,156,2,166,85,69,-12,1.58,36.1,62.32,-0.01,2.77,-2.75
2020-04-09,4228,67,1608,1045,3116,2553,109,2,121,90,17,-14,1.58,38.03,60.38,0.0,1.92,-1.93
2020-04-10,4346,70,1830,1139,3137,2446,118,3,222,94,21,-107,1.61,42.11,56.28,0.03,4.07,-4.1
2020-04-11,4530,73,1995,1238,3219,2462,184,3,165,99,82,16,1.61,44.04,54.35,0.0,1.92,-1.92
2020-04-12,4683,76,2108,1341,3266,2499,153,3,113,103,47,37,1.62,45.01,53.36,0.01,0.96,-0.99
2020-04-13,4817,77,2276,1448,3292,2464,134,1,168,107,26,-35,1.6,47.25,51.15,-0.02,2.24,-2.21
2020-04-14,4987,82,2478,1559,3346,2427,170,5,202,111,54,-37,1.64,49.69,48.67,0.03,2.43,-2.47
2020-04-15,5072,83,2647,1674,3315,2342,85,1,169,115,-31,-85,1.64,52.19,46.18,0.0,2.5,-2.49
2020-04-16,5182,84,2766,1792,3306,2332,110,1,119,118,-9,-10,1.62,53.38,45.0,-0.01,1.19,-1.17
2020-04-17,5251,86,2967,1913,3252,2198,69,2,201,121,-54,-134,1.64,56.5,41.86,0.01,3.11,-3.14
2020-04-18,5305,88,3102,2037,3180,2115,54,2,135,124,-72,-83,1.66,58.47,39.87,0.02,1.96,-1.99
2020-04-19,5389,89,3197,2163,3137,2103,84,1,95,126,-43,-12,1.65,59.32,39.02,-0.01,0.85,-0.84
2020-04-20,5389,89,3197,2291,3009,2103,0,0,0,128,-128,0,1.65,59.32,39.02,0.0,0.0,0.0
