,Total Confirmed,Total Deaths,Total Recovered,Total Active,Change in Confirmed,Change in Deaths,Change in Recovered,Change in Active,Total Mortality_Rate,Total Recovery_Rate,Total Activity_Rate,Change in Mortality_Rate,Change in Recovery_Rate,Change in Activity_Rate
2020-01-22,0,0,0,0,0,0,0,0,0.0,0.0,0.0,0.0,0.0,0.0
2020-01-23,0,0,0,0,0,0,0,0,0.0,0.0,0.0,0.0,0.0,0.0
2020-01-24,0,0,0,0,0,0,0,0,0.0,0.0,0.0,0.0,0.0,0.0
2020-01-25,0,0,0,0,0,0,0,0,0.0,0.0,0.0,0.0,0.0,0.0
2020-01-26,1,0,0,1,1,0,0,1,0.0,0.0,100.0,0.0,0.0,100.0
2020-01-27,1,0,0,1,0,0,0,0,0.0,0.0,100.0,0.0,0.0,0.0
2020-01-28,2,0,0,2,1,0,0,1,0.0,0.0,100.0,0.0,0.0,0.0
2020-01-29,2,0,0,2,0,0,0,0,0.0,0.0,100.0,0.0,0.0,0.0
2020-01-30,2,0,0,2,0,0,0,0,0.0,0.0,100.0,0.0,0.0,0.0
2020-01-31,4,0,0,4,2,0,0,2,0.0,0.0,100.0,0.0,0.0,0.0
2020-02-01,4,0,0,4,0,0,0,0,0.0,0.0,100.0,0.0,0.0,0.0
2020-02-02,4,0,0,4,0,0,0,0,0.0,0.0,100.0,0.0,0.0,0.0
2020-02-03,4,0,0,4,0,0,0,0,0.0,0.0,100.0,0.0,0.0,0.0
2020-02-04,4,0,0,4,0,0,0,0,0.0,0.0,100.0,0.0,0.0,0.0
2020-02-05,5,0,0,5,1,0,0,1,0.0,0.0,100.0,0.0,0.0,0.0
2020-02-06,5,0,0,5,0,0,0,0,0.0,0.0,100.0,0.0,0.0,0.0
2020-02-07,7,0,0,7,2,0,0,2,0.0,0.0,100.0,0.0,0.0,0.0
2020-02-08,7,0,0,7,0,0,0,0,0.0,0.0,100.0,0.0,0.0,0.0
2020-02-09,7,0,0,7,0,0,0,0,0.0,0.0,100.0,0.0,0.0,0.0
2020-02-10,7,0,0,7,0,0,0,0,0.0,0.0,100.0,0.0,0.0,0.0
2020-02-11,7,0,0,7,0,0,0,0,0.0,0.0,100.0,0.0,0.0,0.0
2020-02-12,7,0,1,6,0,0,1,-1,0.0,14.2857,85.7143,0.0,14.2857,-14.285700000000006
2020-02-13,7,0,1,6,0,0,0,0,0.0,14.2857,85.7143,0.0,0.0,0.0
2020-02-14,7,0,1,6,0,0,0,0,0.0,14.2857,85.7143,0.0,0.0,0.0
2020-02-15,7,0,1,6,0,0,0,0,0.0,14.2857,85.7143,0.0,0.0,0.0
2020-02-16,7,0,1,6,0,0,0,0,0.0,14.2857,85.7143,0.0,0.0,0.0
2020-02-17,8,0,1,7,1,0,0,1,0.0,12.5,87.5,0.0,-1.7857000000000003,1.7857000000000056
2020-02-18,8,0,1,7,0,0,0,0,0.0,12.5,87.5,0.0,0.0,0.0
2020-02-19,8,0,1,7,0,0,0,0,0.0,12.5,87.5,0.0,0.0,0.0
2020-02-20,8,0,1,7,0,0,0,0,0.0,12.5,87.5,0.0,0.0,0.0
2020-02-21,9,0,3,6,1,0,2,-1,0.0,33.3333,66.6667,0.0,20.8333,-20.833299999999994
2020-02-22,9,0,3,6,0,0,0,0,0.0,33.3333,66.6667,0.0,0.0,0.0
2020-02-23,9,0,3,6,0,0,0,0,0.0,33.3333,66.6667,0.0,0.0,0.0
2020-02-24,10,0,3,7,1,0,0,1,0.0,30.0,70.0,0.0,-3.3333000000000013,3.333299999999994
2020-02-25,11,0,3,8,1,0,0,1,0.0,27.2727,72.7273,0.0,-2.7272999999999996,2.7272999999999996
2020-02-26,11,0,3,8,0,0,0,0,0.0,27.2727,72.7273,0.0,0.0,0.0
2020-02-27,13,0,6,7,2,0,3,-1,0.0,46.1538,53.8462,0.0,18.881099999999996,-18.881099999999996
2020-02-28,14,0,6,8,1,0,0,1,0.0,42.8571,57.1429,0.0,-3.296699999999994,3.296699999999994
2020-02-29,20,0,6,14,6,0,0,6,0.0,30.0,70.0,0.0,-12.857100000000003,12.857100000000003
2020-03-01,24,0,6,18,4,0,0,4,0.0,25.0,75.0,0.0,-5.0,5.0
2020-03-02,27,0,6,21,3,0,0,3,0.0,22.2222,77.7778,0.0,-2.777799999999999,2.777799999999999
2020-03-03,30,0,6,24,3,0,0,3,0.0,20.0,80.0,0.0,-2.222200000000001,2.222200000000001
2020-03-04,33,0,6,27,3,0,0,3,0.0,18.1818,81.8182,0.0,-1.818200000000001,1.8182000000000045
2020-03-05,37,0,6,31,4,0,0,4,0.0,16.2162,83.7838,0.0,-1.9655999999999985,1.965599999999995
2020-03-06,49,0,6,43,12,0,0,12,0.0,12.2449,87.7551,0.0,-3.971300000000001,3.9712999999999994
2020-03-07,54,0,8,46,5,0,2,3,0.0,14.8148,85.1852,0.0,2.5699000000000005,-2.569900000000004
2020-03-08,64,0,8,56,10,0,0,10,0.0,12.5,87.5,0.0,-2.3148,2.3148000000000053
2020-03-09,77,1,8,68,13,1,0,12,1.2987,10.3896,88.3117,1.2987,-2.1104000000000003,0.8117000000000019
2020-03-10,79,1,8,70,2,0,0,2,1.2658,10.1266,88.6076,-0.03289999999999993,-0.2629999999999999,0.29590000000000316
2020-03-11,108,1,8,99,29,0,0,29,0.9259,7.4074,91.6667,-0.3399000000000001,-2.7192,3.059100000000001
2020-03-12,117,1,8,108,9,0,0,9,0.8547,6.8376,92.3077,-0.07119999999999993,-0.5697999999999999,0.6409999999999911
2020-03-13,193,1,8,184,76,0,0,76,0.5181,4.1451,95.3368,-0.3366,-2.6925,3.0290999999999997
2020-03-14,198,1,8,189,5,0,0,5,0.5051,4.0404,95.4545,-0.013000000000000012,-0.10470000000000024,0.11769999999999925
2020-03-15,252,1,8,243,54,0,0,54,0.3968,3.1746,96.4286,-0.10830000000000001,-0.8658000000000001,0.9741000000000071
2020-03-16,415,4,9,402,163,3,1,159,0.9639,2.1687,96.8675,0.5670999999999999,-1.0059,0.43890000000000384
2020-03-17,478,5,9,464,63,1,0,62,1.046,1.8828,97.0711,0.08210000000000006,-0.2858999999999998,0.20359999999999445
2020-03-18,657,8,9,640,179,3,0,176,1.2177,1.3699,97.4125,0.17169999999999996,-0.5129000000000001,0.34139999999999304
2020-03-19,800,9,9,782,143,1,0,142,1.125,1.125,97.75,-0.0927,-0.2448999999999999,0.3375000000000057
2020-03-20,943,12,9,922,143,3,0,140,1.2725,0.9544,97.7731,0.14749999999999996,-0.17059999999999997,0.023099999999999454
2020-03-21,1278,19,10,1249,335,7,1,327,1.4867,0.7825,97.7308,0.21419999999999995,-0.17190000000000005,-0.04229999999999734
