,Total Confirmed,Total Deaths,Total Recovered,Total Active,Change in Confirmed,Change in Deaths,Change in Recovered,Change in Active,Total Mortality_Rate,Total Recovery_Rate,Total Activity_Rate,Change in Mortality_Rate,Change in Recovery_Rate,Change in Activity_Rate
2020-01-22,0,0,0,0,0,0,0,0,0.0,0.0,0.0,0.0,0.0,0.0
2020-01-23,0,0,0,0,0,0,0,0,0.0,0.0,0.0,0.0,0.0,0.0
2020-01-24,2,0,0,2,2,0,0,2,0.0,0.0,100.0,0.0,0.0,100.0
2020-01-25,3,0,0,3,1,0,0,1,0.0,0.0,100.0,0.0,0.0,0.0
2020-01-26,3,0,0,3,0,0,0,0,0.0,0.0,100.0,0.0,0.0,0.0
2020-01-27,3,0,0,3,0,0,0,0,0.0,0.0,100.0,0.0,0.0,0.0
2020-01-28,4,0,0,4,1,0,0,1,0.0,0.0,100.0,0.0,0.0,0.0
2020-01-29,5,0,0,5,1,0,0,1,0.0,0.0,100.0,0.0,0.0,0.0
2020-01-30,5,0,0,5,0,0,0,0,0.0,0.0,100.0,0.0,0.0,0.0
2020-01-31,5,0,0,5,0,0,0,0,0.0,0.0,100.0,0.0,0.0,0.0
2020-02-01,6,0,0,6,1,0,0,1,0.0,0.0,100.0,0.0,0.0,0.0
2020-02-02,6,0,0,6,0,0,0,0,0.0,0.0,100.0,0.0,0.0,0.0
2020-02-03,6,0,0,6,0,0,0,0,0.0,0.0,100.0,0.0,0.0,0.0
2020-02-04,6,0,0,6,0,0,0,0,0.0,0.0,100.0,0.0,0.0,0.0
2020-02-05,6,0,0,6,0,0,0,0,0.0,0.0,100.0,0.0,0.0,0.0
2020-02-06,6,0,0,6,0,0,0,0,0.0,0.0,100.0,0.0,0.0,0.0
2020-02-07,6,0,0,6,0,0,0,0,0.0,0.0,100.0,0.0,0.0,0.0
2020-02-08,11,0,0,11,5,0,0,5,0.0,0.0,100.0,0.0,0.0,0.0
2020-02-09,11,0,0,11,0,0,0,0,0.0,0.0,100.0,0.0,0.0,0.0
2020-02-10,11,0,0,11,0,0,0,0,0.0,0.0,100.0,0.0,0.0,0.0
2020-02-11,11,0,0,11,0,0,0,0,0.0,0.0,100.0,0.0,0.0,0.0
2020-02-12,11,0,2,9,0,0,2,-2,0.0,18.1818,81.8182,0.0,18.1818,-18.181799999999996
2020-02-13,11,0,2,9,0,0,0,0,0.0,18.1818,81.8182,0.0,0.0,0.0
2020-02-14,11,0,2,9,0,0,0,0,0.0,18.1818,81.8182,0.0,0.0,0.0
2020-02-15,12,1,4,7,1,1,2,-2,8.3333,33.3333,58.3333,8.3333,15.151500000000002,-23.484900000000003
2020-02-16,12,1,4,7,0,0,0,0,8.3333,33.3333,58.3333,0.0,0.0,0.0
2020-02-17,12,1,4,7,0,0,0,0,8.3333,33.3333,58.3333,0.0,0.0,0.0
2020-02-18,12,1,4,7,0,0,0,0,8.3333,33.3333,58.3333,0.0,0.0,0.0
2020-02-19,12,1,4,7,0,0,0,0,8.3333,33.3333,58.3333,0.0,0.0,0.0
2020-02-20,12,1,4,7,0,0,0,0,8.3333,33.3333,58.3333,0.0,0.0,0.0
2020-02-21,12,1,4,7,0,0,0,0,8.3333,33.3333,58.3333,0.0,0.0,0.0
2020-02-22,12,1,4,7,0,0,0,0,8.3333,33.3333,58.3333,0.0,0.0,0.0
2020-02-23,12,1,4,7,0,0,0,0,8.3333,33.3333,58.3333,0.0,0.0,0.0
2020-02-24,12,1,4,7,0,0,0,0,8.3333,33.3333,58.3333,0.0,0.0,0.0
2020-02-25,14,1,11,2,2,0,7,-5,7.1429,78.5714,14.2857,-1.1903999999999995,45.238099999999996,-44.0476
2020-02-26,18,2,11,5,4,1,0,3,11.1111,61.1111,27.7778,3.9682000000000004,-17.460299999999997,13.492099999999999
2020-02-27,38,2,11,25,20,0,0,20,5.2632,28.9474,65.7895,-5.8479,-32.163700000000006,38.011700000000005
2020-02-28,57,2,11,44,19,0,0,19,3.5088,19.2982,77.193,-1.7544000000000004,-9.649199999999997,11.403499999999994
2020-02-29,100,2,12,86,43,0,1,42,2.0,12.0,86.0,-1.5088,-7.298200000000001,8.807000000000002
2020-03-01,130,2,12,116,30,0,0,30,1.5385,9.2308,89.2308,-0.4615,-2.7691999999999997,3.230800000000002
2020-03-02,191,3,12,176,61,1,0,60,1.5707,6.2827,92.1466,0.032200000000000006,-2.9481,2.9158000000000044
2020-03-03,204,4,12,188,13,1,0,12,1.9608,5.8824,92.1569,0.3901000000000001,-0.40030000000000054,0.010299999999986653
2020-03-04,288,4,12,272,84,0,0,84,1.3889,4.1667,94.4444,-0.5719000000000001,-1.7157,2.2875000000000085
2020-03-05,380,6,12,362,92,2,0,90,1.5789,3.1579,95.2632,0.18999999999999995,-1.0087999999999995,0.818799999999996
2020-03-06,656,9,12,635,276,3,0,273,1.372,1.8293,96.7988,-0.20689999999999986,-1.3286000000000002,1.5356000000000023
2020-03-07,957,11,12,934,301,2,0,299,1.1494,1.2539,97.5967,-0.22260000000000013,-0.5753999999999999,0.7978999999999985
2020-03-08,1134,19,12,1103,177,8,0,169,1.6755,1.0582,97.2663,0.5261,-0.19569999999999999,-0.33039999999999736
2020-03-09,1217,19,12,1186,83,0,0,83,1.5612,0.986,97.4528,-0.11430000000000007,-0.07220000000000004,0.18649999999999523
2020-03-10,1792,33,12,1747,575,14,0,561,1.8415,0.6696,97.4888,0.2803,-0.3164,0.036000000000001364
2020-03-11,2290,48,12,2230,498,15,0,483,2.0961,0.524,97.3799,0.25459999999999994,-0.14559999999999995,-0.10889999999999134
2020-03-12,2290,48,12,2230,0,0,0,0,2.0961,0.524,97.3799,0.0,0.0,0.0
2020-03-13,3678,79,12,3587,1388,31,0,1357,2.1479,0.3263,97.5258,0.05180000000000007,-0.19770000000000004,0.14589999999999748
2020-03-14,4487,91,12,4384,809,12,0,797,2.0281,0.2674,97.7045,-0.11980000000000013,-0.05889999999999995,0.1786999999999921
2020-03-15,4523,91,12,4420,36,0,0,36,2.0119,0.2653,97.7228,-0.016199999999999992,-0.0021000000000000463,0.01830000000001064
2020-03-16,6668,148,12,6508,2145,57,0,2088,2.2196,0.18,97.6005,0.2077,-0.08529999999999999,-0.12230000000000985
2020-03-17,7699,148,12,7539,1031,0,0,1031,1.9223,0.1559,97.9218,-0.2972999999999999,-0.024099999999999983,0.3213000000000079
2020-03-18,9105,148,12,8945,1406,0,0,1406,1.6255,0.1318,98.2427,-0.29679999999999995,-0.02410000000000001,0.32089999999999463
2020-03-19,10947,243,12,10692,1842,95,0,1747,2.2198,0.1096,97.6706,0.5943000000000003,-0.022199999999999998,-0.572100000000006
2020-03-20,12726,450,12,12264,1779,207,0,1572,3.5361,0.0943,96.3696,1.3162999999999996,-0.015300000000000008,-1.3009999999999877
2020-03-21,14431,562,12,13857,1705,112,0,1593,3.8944,0.0832,96.0225,0.3583000000000003,-0.011099999999999999,-0.34710000000001173
