,Total Confirmed,Total Deaths,Total Recovered,Total Active,Change in Confirmed,Change in Deaths,Change in Recovered,Change in Active,Total Mortality_Rate,Total Recovery_Rate,Total Activity_Rate,Change in Mortality_Rate,Change in Recovery_Rate,Change in Activity_Rate
2020-01-22,0,0,0,0,0,0,0,0,0.0,0.0,0.0,0.0,0.0,0.0
2020-01-23,0,0,0,0,0,0,0,0,0.0,0.0,0.0,0.0,0.0,0.0
2020-01-24,0,0,0,0,0,0,0,0,0.0,0.0,0.0,0.0,0.0,0.0
2020-01-25,0,0,0,0,0,0,0,0,0.0,0.0,0.0,0.0,0.0,0.0
2020-01-26,0,0,0,0,0,0,0,0,0.0,0.0,0.0,0.0,0.0,0.0
2020-01-27,0,0,0,0,0,0,0,0,0.0,0.0,0.0,0.0,0.0,0.0
2020-01-28,0,0,0,0,0,0,0,0,0.0,0.0,0.0,0.0,0.0,0.0
2020-01-29,0,0,0,0,0,0,0,0,0.0,0.0,0.0,0.0,0.0,0.0
2020-01-30,0,0,0,0,0,0,0,0,0.0,0.0,0.0,0.0,0.0,0.0
2020-01-31,0,0,0,0,0,0,0,0,0.0,0.0,0.0,0.0,0.0,0.0
2020-02-01,0,0,0,0,0,0,0,0,0.0,0.0,0.0,0.0,0.0,0.0
2020-02-02,0,0,0,0,0,0,0,0,0.0,0.0,0.0,0.0,0.0,0.0
2020-02-03,0,0,0,0,0,0,0,0,0.0,0.0,0.0,0.0,0.0,0.0
2020-02-04,0,0,0,0,0,0,0,0,0.0,0.0,0.0,0.0,0.0,0.0
2020-02-05,0,0,0,0,0,0,0,0,0.0,0.0,0.0,0.0,0.0,0.0
2020-02-06,0,0,0,0,0,0,0,0,0.0,0.0,0.0,0.0,0.0,0.0
2020-02-07,61,0,0,61,61,0,0,61,0.0,0.0,100.0,0.0,0.0,100.0
2020-02-08,61,0,0,61,0,0,0,0,0.0,0.0,100.0,0.0,0.0,0.0
2020-02-09,64,0,0,64,3,0,0,3,0.0,0.0,100.0,0.0,0.0,0.0
2020-02-10,135,0,0,135,71,0,0,71,0.0,0.0,100.0,0.0,0.0,0.0
2020-02-11,135,0,0,135,0,0,0,0,0.0,0.0,100.0,0.0,0.0,0.0
2020-02-12,175,0,0,175,40,0,0,40,0.0,0.0,100.0,0.0,0.0,0.0
2020-02-13,175,0,0,175,0,0,0,0,0.0,0.0,100.0,0.0,0.0,0.0
2020-02-14,218,0,0,218,43,0,0,43,0.0,0.0,100.0,0.0,0.0,0.0
2020-02-15,285,0,0,285,67,0,0,67,0.0,0.0,100.0,0.0,0.0,0.0
2020-02-16,355,0,0,355,70,0,0,70,0.0,0.0,100.0,0.0,0.0,0.0
2020-02-17,454,0,0,454,99,0,0,99,0.0,0.0,100.0,0.0,0.0,0.0
2020-02-18,542,0,0,542,88,0,0,88,0.0,0.0,100.0,0.0,0.0,0.0
2020-02-19,621,0,1,620,79,0,1,78,0.0,0.161,99.839,0.0,0.161,-0.16100000000000136
2020-02-20,634,2,1,631,13,2,0,11,0.3155,0.1577,99.5268,0.3155,-0.0032999999999999974,-0.31220000000000425
2020-02-21,634,2,1,631,0,0,0,0,0.3155,0.1577,99.5268,0.0,0.0,0.0
2020-02-22,634,2,1,631,0,0,0,0,0.3155,0.1577,99.5268,0.0,0.0,0.0
2020-02-23,691,3,0,688,57,1,-1,57,0.4342,0.0,99.5658,0.11869999999999997,-0.1577,0.03900000000000148
2020-02-24,691,3,0,688,0,0,0,0,0.4342,0.0,99.5658,0.0,0.0,0.0
2020-02-25,691,3,0,688,0,0,0,0,0.4342,0.0,99.5658,0.0,0.0,0.0
2020-02-26,705,4,10,691,14,1,10,3,0.5674,1.4184,98.0142,0.13320000000000004,1.4184,-1.5515999999999934
2020-02-27,705,4,10,691,0,0,0,0,0.5674,1.4184,98.0142,0.0,0.0,0.0
2020-02-28,705,6,10,689,0,2,0,-2,0.8511,1.4184,97.7305,0.28369999999999995,0.0,-0.28369999999999607
2020-02-29,705,6,10,689,0,0,0,0,0.8511,1.4184,97.7305,0.0,0.0,0.0
2020-03-01,705,6,10,689,0,0,0,0,0.8511,1.4184,97.7305,0.0,0.0,0.0
2020-03-02,705,6,10,689,0,0,0,0,0.8511,1.4184,97.7305,0.0,0.0,0.0
2020-03-03,706,6,10,690,1,0,0,1,0.8499,1.4164,97.7337,-0.0011999999999999789,-0.0020000000000000018,0.003199999999992542
2020-03-04,706,6,10,690,0,0,0,0,0.8499,1.4164,97.7337,0.0,0.0,0.0
2020-03-05,706,6,10,690,0,0,0,0,0.8499,1.4164,97.7337,0.0,0.0,0.0
2020-03-06,696,6,40,650,-10,0,30,-40,0.8621,5.7471,93.3908,0.012199999999999989,4.330699999999999,-4.3429
2020-03-07,696,6,40,650,0,0,0,0,0.8621,5.7471,93.3908,0.0,0.0,0.0
2020-03-08,696,6,40,650,0,0,0,0,0.8621,5.7471,93.3908,0.0,0.0,0.0
2020-03-09,696,6,40,650,0,0,0,0,0.8621,5.7471,93.3908,0.0,0.0,0.0
2020-03-10,696,6,40,650,0,0,0,0,0.8621,5.7471,93.3908,0.0,0.0,0.0
2020-03-11,696,7,325,364,0,1,285,-286,1.0057,46.6954,52.2989,0.14360000000000006,40.9483,-41.091899999999995
2020-03-12,696,7,325,364,0,0,0,0,1.0057,46.6954,52.2989,0.0,0.0,0.0
2020-03-13,696,7,325,364,0,0,0,0,1.0057,46.6954,52.2989,0.0,0.0,0.0
2020-03-14,696,7,325,364,0,0,0,0,1.0057,46.6954,52.2989,0.0,0.0,0.0
2020-03-15,696,7,325,364,0,0,0,0,1.0057,46.6954,52.2989,0.0,0.0,0.0
2020-03-16,696,7,325,364,0,0,0,0,1.0057,46.6954,52.2989,0.0,0.0,0.0
2020-03-17,696,7,325,364,0,0,0,0,1.0057,46.6954,52.2989,0.0,0.0,0.0
2020-03-18,712,7,325,380,16,0,0,16,0.9831,45.6461,53.3708,-0.022600000000000064,-1.0493000000000023,1.0718999999999994
2020-03-19,712,7,325,380,0,0,0,0,0.9831,45.6461,53.3708,0.0,0.0,0.0
2020-03-20,712,7,325,380,0,0,0,0,0.9831,45.6461,53.3708,0.0,0.0,0.0
2020-03-21,712,8,325,379,0,1,0,-1,1.1236,45.6461,53.2303,0.14049999999999996,0.0,-0.14050000000000296
