,Total Confirmed,Total Deaths,Total Recovered,Total Active,Change in Confirmed,Change in Deaths,Change in Recovered,Change in Active,Total Mortality_Rate,Total Recovery_Rate,Total Activity_Rate,Change in Mortality_Rate,Change in Recovery_Rate,Change in Activity_Rate
2020-01-22,0,0,0,0,0,0,0,0,0.0,0.0,0.0,0.0,0.0,0.0
2020-01-23,0,0,0,0,0,0,0,0,0.0,0.0,0.0,0.0,0.0,0.0
2020-01-24,0,0,0,0,0,0,0,0,0.0,0.0,0.0,0.0,0.0,0.0
2020-01-25,0,0,0,0,0,0,0,0,0.0,0.0,0.0,0.0,0.0,0.0
2020-01-26,0,0,0,0,0,0,0,0,0.0,0.0,0.0,0.0,0.0,0.0
2020-01-27,0,0,0,0,0,0,0,0,0.0,0.0,0.0,0.0,0.0,0.0
2020-01-28,0,0,0,0,0,0,0,0,0.0,0.0,0.0,0.0,0.0,0.0
2020-01-29,1,0,0,1,1,0,0,1,0.0,0.0,100.0,0.0,0.0,100.0
2020-01-30,1,0,0,1,0,0,0,0,0.0,0.0,100.0,0.0,0.0,0.0
2020-01-31,1,0,0,1,0,0,0,0,0.0,0.0,100.0,0.0,0.0,0.0
2020-02-01,1,0,0,1,0,0,0,0,0.0,0.0,100.0,0.0,0.0,0.0
2020-02-02,1,0,0,1,0,0,0,0,0.0,0.0,100.0,0.0,0.0,0.0
2020-02-03,1,0,0,1,0,0,0,0,0.0,0.0,100.0,0.0,0.0,0.0
2020-02-04,1,0,0,1,0,0,0,0,0.0,0.0,100.0,0.0,0.0,0.0
2020-02-05,1,0,0,1,0,0,0,0,0.0,0.0,100.0,0.0,0.0,0.0
2020-02-06,1,0,0,1,0,0,0,0,0.0,0.0,100.0,0.0,0.0,0.0
2020-02-07,1,0,0,1,0,0,0,0,0.0,0.0,100.0,0.0,0.0,0.0
2020-02-08,1,0,0,1,0,0,0,0,0.0,0.0,100.0,0.0,0.0,0.0
2020-02-09,1,0,0,1,0,0,0,0,0.0,0.0,100.0,0.0,0.0,0.0
2020-02-10,1,0,0,1,0,0,0,0,0.0,0.0,100.0,0.0,0.0,0.0
2020-02-11,1,0,0,1,0,0,0,0,0.0,0.0,100.0,0.0,0.0,0.0
2020-02-12,1,0,1,0,0,0,1,-1,0.0,100.0,0.0,0.0,100.0,-100.0
2020-02-13,1,0,1,0,0,0,0,0,0.0,100.0,0.0,0.0,0.0,0.0
2020-02-14,1,0,1,0,0,0,0,0,0.0,100.0,0.0,0.0,0.0,0.0
2020-02-15,1,0,1,0,0,0,0,0,0.0,100.0,0.0,0.0,0.0,0.0
2020-02-16,1,0,1,0,0,0,0,0,0.0,100.0,0.0,0.0,0.0,0.0
2020-02-17,1,0,1,0,0,0,0,0,0.0,100.0,0.0,0.0,0.0,0.0
2020-02-18,1,0,1,0,0,0,0,0,0.0,100.0,0.0,0.0,0.0,0.0
2020-02-19,1,0,1,0,0,0,0,0,0.0,100.0,0.0,0.0,0.0,0.0
2020-02-20,1,0,1,0,0,0,0,0,0.0,100.0,0.0,0.0,0.0,0.0
2020-02-21,1,0,1,0,0,0,0,0,0.0,100.0,0.0,0.0,0.0,0.0
2020-02-22,1,0,1,0,0,0,0,0,0.0,100.0,0.0,0.0,0.0,0.0
2020-02-23,1,0,1,0,0,0,0,0,0.0,100.0,0.0,0.0,0.0,0.0
2020-02-24,1,0,1,0,0,0,0,0,0.0,100.0,0.0,0.0,0.0,0.0
2020-02-25,1,0,1,0,0,0,0,0,0.0,100.0,0.0,0.0,0.0,0.0
2020-02-26,2,0,1,1,1,0,0,1,0.0,50.0,50.0,0.0,-50.0,50.0
2020-02-27,2,0,1,1,0,0,0,0,0.0,50.0,50.0,0.0,0.0,0.0
2020-02-28,2,0,1,1,0,0,0,0,0.0,50.0,50.0,0.0,0.0,0.0
2020-02-29,3,0,1,2,1,0,0,1,0.0,33.3333,66.6667,0.0,-16.6667,16.666700000000006
2020-03-01,6,0,1,5,3,0,0,3,0.0,16.6667,83.3333,0.0,-16.666600000000003,16.66659999999999
2020-03-02,6,0,1,5,0,0,0,0,0.0,16.6667,83.3333,0.0,0.0,0.0
2020-03-03,6,0,1,5,0,0,0,0,0.0,16.6667,83.3333,0.0,0.0,0.0
2020-03-04,6,0,1,5,0,0,0,0,0.0,16.6667,83.3333,0.0,0.0,0.0
2020-03-05,12,0,1,11,6,0,0,6,0.0,8.3333,91.6667,0.0,-8.3334,8.333400000000012
2020-03-06,15,0,1,14,3,0,0,3,0.0,6.6667,93.3333,0.0,-1.6665999999999999,1.6665999999999883
2020-03-07,15,0,1,14,0,0,0,0,0.0,6.6667,93.3333,0.0,0.0,0.0
2020-03-08,23,0,1,22,8,0,0,8,0.0,4.3478,95.6522,0.0,-2.3188999999999993,2.3188999999999993
2020-03-09,30,0,1,29,7,0,0,7,0.0,3.3333,96.6667,0.0,-1.0145000000000004,1.0145000000000124
2020-03-10,40,0,1,39,10,0,0,10,0.0,2.5,97.5,0.0,-0.8332999999999999,0.8332999999999942
2020-03-11,59,0,1,58,19,0,0,19,0.0,1.6949,98.3051,0.0,-0.8050999999999999,0.8050999999999959
2020-03-12,59,0,1,58,0,0,0,0,0.0,1.6949,98.3051,0.0,0.0,0.0
2020-03-13,155,0,1,154,96,0,0,96,0.0,0.6452,99.3548,0.0,-1.0497,1.0497000000000014
2020-03-14,225,0,1,224,70,0,0,70,0.0,0.4444,99.5556,0.0,-0.20079999999999998,0.20080000000000098
2020-03-15,244,0,10,234,19,0,9,10,0.0,4.0984,95.9016,0.0,3.654,-3.6539999999999964
2020-03-16,277,0,10,267,33,0,0,33,0.0,3.6101,96.3899,0.0,-0.48829999999999973,0.4882999999999953
2020-03-17,321,0,10,311,44,0,0,44,0.0,3.1153,96.8847,0.0,-0.49480000000000013,0.4947999999999979
2020-03-18,336,0,10,326,15,0,0,15,0.0,2.9762,97.0238,0.0,-0.1391,0.1390999999999991
2020-03-19,400,0,10,390,64,0,0,64,0.0,2.5,97.5,0.0,-0.47619999999999996,0.47620000000000573
2020-03-20,450,0,10,440,50,0,0,50,0.0,2.2222,97.7778,0.0,-0.27780000000000005,0.27779999999999916
2020-03-21,523,1,10,512,73,1,0,72,0.1912,1.912,97.8967,0.1912,-0.31020000000000003,0.11889999999999645
