,Total Confirmed,Total Deaths,Total Recovered,Total Active,Change in Confirmed,Change in Deaths,Change in Recovered,Change in Active,Total Mortality_Rate,Total Recovery_Rate,Total Activity_Rate,Change in Mortality_Rate,Change in Recovery_Rate,Change in Activity_Rate
2020-01-22,0,0,0,0,0,0,0,0,0.0,0.0,0.0,0.0,0.0,0.0
2020-01-23,2,0,0,2,2,0,0,2,0.0,0.0,100.0,0.0,0.0,100.0
2020-01-24,2,0,0,2,0,0,0,0,0.0,0.0,100.0,0.0,0.0,0.0
2020-01-25,2,0,0,2,0,0,0,0,0.0,0.0,100.0,0.0,0.0,0.0
2020-01-26,2,0,0,2,0,0,0,0,0.0,0.0,100.0,0.0,0.0,0.0
2020-01-27,2,0,0,2,0,0,0,0,0.0,0.0,100.0,0.0,0.0,0.0
2020-01-28,2,0,0,2,0,0,0,0,0.0,0.0,100.0,0.0,0.0,0.0
2020-01-29,2,0,0,2,0,0,0,0,0.0,0.0,100.0,0.0,0.0,0.0
2020-01-30,2,0,0,2,0,0,0,0,0.0,0.0,100.0,0.0,0.0,0.0
2020-01-31,2,0,0,2,0,0,0,0,0.0,0.0,100.0,0.0,0.0,0.0
2020-02-01,6,0,1,5,4,0,1,3,0.0,16.6667,83.3333,0.0,16.6667,-16.666700000000006
2020-02-02,6,0,1,5,0,0,0,0,0.0,16.6667,83.3333,0.0,0.0,0.0
2020-02-03,8,0,1,7,2,0,0,2,0.0,12.5,87.5,0.0,-4.166699999999999,4.166700000000006
2020-02-04,8,0,1,7,0,0,0,0,0.0,12.5,87.5,0.0,0.0,0.0
2020-02-05,8,0,1,7,0,0,0,0,0.0,12.5,87.5,0.0,0.0,0.0
2020-02-06,10,0,1,9,2,0,0,2,0.0,10.0,90.0,0.0,-2.5,2.5
2020-02-07,10,0,1,9,0,0,0,0,0.0,10.0,90.0,0.0,0.0,0.0
2020-02-08,13,0,1,12,3,0,0,3,0.0,7.6923,92.3077,0.0,-2.3076999999999996,2.307699999999997
2020-02-09,13,0,1,12,0,0,0,0,0.0,7.6923,92.3077,0.0,0.0,0.0
2020-02-10,14,0,1,13,1,0,0,1,0.0,7.1429,92.8571,0.0,-0.5494000000000003,0.5494000000000057
2020-02-11,15,0,6,9,1,0,5,-4,0.0,40.0,60.0,0.0,32.8571,-32.8571
2020-02-12,15,0,6,9,0,0,0,0,0.0,40.0,60.0,0.0,0.0,0.0
2020-02-13,16,0,7,9,1,0,1,0,0.0,43.75,56.25,0.0,3.75,-3.75
2020-02-14,16,0,7,9,0,0,0,0,0.0,43.75,56.25,0.0,0.0,0.0
2020-02-15,16,0,7,9,0,0,0,0,0.0,43.75,56.25,0.0,0.0,0.0
2020-02-16,16,0,7,9,0,0,0,0,0.0,43.75,56.25,0.0,0.0,0.0
2020-02-17,16,0,7,9,0,0,0,0,0.0,43.75,56.25,0.0,0.0,0.0
2020-02-18,16,0,7,9,0,0,0,0,0.0,43.75,56.25,0.0,0.0,0.0
2020-02-19,16,0,7,9,0,0,0,0,0.0,43.75,56.25,0.0,0.0,0.0
2020-02-20,16,0,7,9,0,0,0,0,0.0,43.75,56.25,0.0,0.0,0.0
2020-02-21,16,0,14,2,0,0,7,-7,0.0,87.5,12.5,0.0,43.75,-43.75
2020-02-22,16,0,14,2,0,0,0,0,0.0,87.5,12.5,0.0,0.0,0.0
2020-02-23,16,0,14,2,0,0,0,0,0.0,87.5,12.5,0.0,0.0,0.0
2020-02-24,16,0,14,2,0,0,0,0,0.0,87.5,12.5,0.0,0.0,0.0
2020-02-25,16,0,16,0,0,0,2,-2,0.0,100.0,0.0,0.0,12.5,-12.5
2020-02-26,16,0,16,0,0,0,0,0,0.0,100.0,0.0,0.0,0.0,0.0
2020-02-27,16,0,16,0,0,0,0,0,0.0,100.0,0.0,0.0,0.0,0.0
2020-02-28,16,0,16,0,0,0,0,0,0.0,100.0,0.0,0.0,0.0,0.0
2020-02-29,16,0,16,0,0,0,0,0,0.0,100.0,0.0,0.0,0.0,0.0
2020-03-01,16,0,16,0,0,0,0,0,0.0,100.0,0.0,0.0,0.0,0.0
2020-03-02,16,0,16,0,0,0,0,0,0.0,100.0,0.0,0.0,0.0,0.0
2020-03-03,16,0,16,0,0,0,0,0,0.0,100.0,0.0,0.0,0.0,0.0
2020-03-04,16,0,16,0,0,0,0,0,0.0,100.0,0.0,0.0,0.0,0.0
2020-03-05,16,0,16,0,0,0,0,0,0.0,100.0,0.0,0.0,0.0,0.0
2020-03-06,16,0,16,0,0,0,0,0,0.0,100.0,0.0,0.0,0.0,0.0
2020-03-07,18,0,16,2,2,0,0,2,0.0,88.8889,11.1111,0.0,-11.111099999999993,11.1111
2020-03-08,30,0,16,14,12,0,0,12,0.0,53.3333,46.6667,0.0,-35.555600000000005,35.5556
2020-03-09,30,0,16,14,0,0,0,0,0.0,53.3333,46.6667,0.0,0.0,0.0
2020-03-10,31,0,16,15,1,0,0,1,0.0,51.6129,48.3871,0.0,-1.720399999999998,1.720399999999998
2020-03-11,38,0,16,22,7,0,0,7,0.0,42.1053,57.8947,0.0,-9.507600000000004,9.507600000000004
2020-03-12,39,0,16,23,1,0,0,1,0.0,41.0256,58.9744,0.0,-1.0797000000000025,1.0797000000000025
2020-03-13,47,0,16,31,8,0,0,8,0.0,34.0426,65.9574,0.0,-6.982999999999997,6.983000000000004
2020-03-14,53,0,16,37,6,0,0,6,0.0,30.1887,69.8113,0.0,-3.8538999999999994,3.853899999999996
2020-03-15,56,0,16,40,3,0,0,3,0.0,28.5714,71.4286,0.0,-1.6173000000000002,1.6173000000000002
2020-03-16,61,0,16,45,5,0,0,5,0.0,26.2295,73.7705,0.0,-2.341899999999999,2.3418999999999954
2020-03-17,66,0,16,50,5,0,0,5,0.0,24.2424,75.7576,0.0,-1.9871000000000016,1.987099999999998
2020-03-18,75,0,16,59,9,0,0,9,0.0,21.3333,78.6667,0.0,-2.9090999999999987,2.9091000000000093
2020-03-19,85,0,16,69,10,0,0,10,0.0,18.8235,81.1765,0.0,-2.509800000000002,2.5097999999999985
2020-03-20,91,0,16,75,6,0,0,6,0.0,17.5824,82.4176,0.0,-1.2410999999999994,1.2410999999999888
2020-03-21,94,0,17,77,3,0,1,2,0.0,18.0851,81.9149,0.0,0.5027000000000008,-0.5026999999999902
