,Total Confirmed,Total Deaths,Total Recovered,Total Active,Change in Confirmed,Change in Deaths,Change in Recovered,Change in Active,Total Mortality_Rate,Total Recovery_Rate,Total Activity_Rate,Change in Mortality_Rate,Change in Recovery_Rate,Change in Activity_Rate
2020-01-22,1,0,0,1,0,0,0,0,0.0,0.0,100.0,0.0,0.0,0.0
2020-01-23,1,0,0,1,0,0,0,0,0.0,0.0,100.0,0.0,0.0,0.0
2020-01-24,2,0,0,2,1,0,0,1,0.0,0.0,100.0,0.0,0.0,0.0
2020-01-25,2,0,0,2,0,0,0,0,0.0,0.0,100.0,0.0,0.0,0.0
2020-01-26,3,0,0,3,1,0,0,1,0.0,0.0,100.0,0.0,0.0,0.0
2020-01-27,4,0,0,4,1,0,0,1,0.0,0.0,100.0,0.0,0.0,0.0
2020-01-28,4,0,0,4,0,0,0,0,0.0,0.0,100.0,0.0,0.0,0.0
2020-01-29,4,0,0,4,0,0,0,0,0.0,0.0,100.0,0.0,0.0,0.0
2020-01-30,4,0,0,4,0,0,0,0,0.0,0.0,100.0,0.0,0.0,0.0
2020-01-31,11,0,0,11,7,0,0,7,0.0,0.0,100.0,0.0,0.0,0.0
2020-02-01,12,0,0,12,1,0,0,1,0.0,0.0,100.0,0.0,0.0,0.0
2020-02-02,15,0,0,15,3,0,0,3,0.0,0.0,100.0,0.0,0.0,0.0
2020-02-03,15,0,0,15,0,0,0,0,0.0,0.0,100.0,0.0,0.0,0.0
2020-02-04,16,0,0,16,1,0,0,1,0.0,0.0,100.0,0.0,0.0,0.0
2020-02-05,19,0,0,19,3,0,0,3,0.0,0.0,100.0,0.0,0.0,0.0
2020-02-06,23,0,0,23,4,0,0,4,0.0,0.0,100.0,0.0,0.0,0.0
2020-02-07,24,0,1,23,1,0,1,0,0.0,4.1667,95.8333,0.0,4.1667,-4.166700000000006
2020-02-08,24,0,1,23,0,0,0,0,0.0,4.1667,95.8333,0.0,0.0,0.0
2020-02-09,25,0,3,22,1,0,2,-1,0.0,12.0,88.0,0.0,7.8333,-7.833299999999994
2020-02-10,27,0,3,24,2,0,0,2,0.0,11.1111,88.8889,0.0,-0.8888999999999996,0.8889000000000067
2020-02-11,28,0,3,25,1,0,0,1,0.0,10.7143,89.2857,0.0,-0.3968000000000007,0.39679999999999893
2020-02-12,28,0,7,21,0,0,4,-4,0.0,25.0,75.0,0.0,14.2857,-14.285700000000006
2020-02-13,28,0,7,21,0,0,0,0,0.0,25.0,75.0,0.0,0.0,0.0
2020-02-14,28,0,7,21,0,0,0,0,0.0,25.0,75.0,0.0,0.0,0.0
2020-02-15,28,0,9,19,0,0,2,-2,0.0,32.1429,67.8571,0.0,7.142899999999997,-7.142899999999997
2020-02-16,29,0,9,20,1,0,0,1,0.0,31.0345,68.9655,0.0,-1.108399999999996,1.1084000000000032
2020-02-17,30,0,10,20,1,0,1,0,0.0,33.3333,66.6667,0.0,2.2988,-2.2988
2020-02-18,31,0,12,19,1,0,2,-1,0.0,38.7097,61.2903,0.0,5.376399999999997,-5.376400000000004
2020-02-19,31,0,12,19,0,0,0,0,0.0,38.7097,61.2903,0.0,0.0,0.0
2020-02-20,104,1,16,87,73,1,4,68,0.9615,15.3846,83.6538,0.9615,-23.3251,22.363500000000002
2020-02-21,204,2,16,186,100,1,0,99,0.9804,7.8431,91.1765,0.018900000000000028,-7.541500000000001,7.5227
2020-02-22,433,2,16,415,229,0,0,229,0.4619,3.6952,95.843,-0.5185000000000001,-4.1479,4.666499999999999
2020-02-23,602,6,18,578,169,4,2,163,0.9967,2.99,96.0133,0.5348,-0.7051999999999996,0.17029999999999745
2020-02-24,833,8,18,807,231,2,0,229,0.9604,2.1609,96.8788,-0.0363,-0.8291000000000004,0.8654999999999973
2020-02-25,977,10,22,945,144,2,4,138,1.0235,2.2518,96.7247,0.06310000000000004,0.09089999999999998,-0.15409999999999968
2020-02-26,1261,12,22,1227,284,2,0,282,0.9516,1.7446,97.3037,-0.07190000000000007,-0.5071999999999999,0.5790000000000077
2020-02-27,1766,13,22,1731,505,1,0,504,0.7361,1.2458,98.0181,-0.21550000000000002,-0.4987999999999999,0.7143999999999977
2020-02-28,2337,13,22,2302,571,0,0,571,0.5563,0.9414,98.5024,-0.17979999999999996,-0.3044,0.4842999999999904
2020-02-29,3150,16,27,3107,813,3,5,805,0.5079,0.8571,98.6349,-0.0484,-0.08430000000000004,0.1325000000000074
2020-03-01,3736,17,30,3689,586,1,3,582,0.455,0.803,98.742,-0.0529,-0.054099999999999926,0.10710000000000264
2020-03-02,4335,28,30,4277,599,11,0,588,0.6459,0.692,98.6621,0.19090000000000001,-0.1110000000000001,-0.07990000000000919
2020-03-03,5186,28,30,5128,851,0,0,851,0.5399,0.5785,98.8816,-0.10599999999999998,-0.11349999999999993,0.2195000000000107
2020-03-04,5621,35,41,5545,435,7,11,417,0.6227,0.7294,98.6479,0.08279999999999998,0.15090000000000003,-0.2336999999999989
2020-03-05,6088,35,41,6012,467,0,0,467,0.5749,0.6735,98.7516,-0.047800000000000065,-0.05590000000000006,0.10369999999998925
2020-03-06,6593,42,135,6416,505,7,94,404,0.637,2.0476,97.3153,0.062100000000000044,1.3741,-1.4363000000000028
2020-03-07,7041,44,135,6862,448,2,0,446,0.6249,1.9173,97.4577,-0.0121,-0.13030000000000008,0.14240000000000919
2020-03-08,7314,50,118,7146,273,6,-17,284,0.6836,1.6133,97.703,0.058699999999999974,-0.30400000000000005,0.2453000000000003
2020-03-09,7478,53,118,7307,164,3,0,161,0.7087,1.578,97.7133,0.02510000000000001,-0.03529999999999989,0.010300000000000864
2020-03-10,7513,54,247,7212,35,1,129,-95,0.7188,3.2876,95.9936,0.010099999999999998,1.7095999999999998,-1.7197000000000031
2020-03-11,7755,60,288,7407,242,6,41,195,0.7737,3.7137,95.5126,0.05490000000000006,0.4260999999999999,-0.48099999999999454
2020-03-12,7869,66,333,7470,114,6,45,63,0.8387,4.2318,94.9295,0.06499999999999995,0.5181,-0.5831000000000017
2020-03-13,7979,66,510,7403,110,0,177,-67,0.8272,6.3918,92.7811,-0.011499999999999955,2.16,-2.1484000000000094
2020-03-14,8086,72,510,7504,107,6,0,101,0.8904,6.3072,92.8024,0.06319999999999992,-0.08460000000000001,0.021300000000010755
2020-03-15,8162,75,510,7577,76,3,0,73,0.9189,6.2485,92.8326,0.02850000000000008,-0.058699999999999974,0.030199999999993565
2020-03-16,8236,75,1137,7024,74,0,627,-553,0.9106,13.8052,85.2841,-0.008300000000000085,7.556699999999999,-7.548500000000004
2020-03-17,8320,81,1407,6832,84,6,270,-192,0.9736,16.9111,82.1154,0.06300000000000006,3.105900000000002,-3.168700000000001
2020-03-18,8413,84,1540,6789,93,3,133,-43,0.9985,18.305,80.6965,0.024900000000000033,1.3938999999999986,-1.4188999999999936
2020-03-19,8565,91,1540,6934,152,7,0,145,1.0625,17.9802,80.9574,0.06399999999999995,-0.32479999999999976,0.26090000000000657
2020-03-20,8652,94,1540,7018,87,3,0,84,1.0865,17.7994,81.1142,0.02400000000000002,-0.1808000000000014,0.15679999999998984
2020-03-21,8799,102,1540,7157,147,8,0,139,1.1592,17.502,81.3388,0.07269999999999999,-0.29739999999999966,0.22460000000000946
