,Total Confirmed,Total Deaths,Total Recovered,Total Active,Change in Confirmed,Change in Deaths,Change in Recovered,Change in Active,Total Mortality_Rate,Total Recovery_Rate,Total Activity_Rate,Change in Mortality_Rate,Change in Recovery_Rate,Change in Activity_Rate
2020-01-22,0,0,0,0,0,0,0,0,0.0,0.0,0.0,0.0,0.0,0.0
2020-01-23,0,0,0,0,0,0,0,0,0.0,0.0,0.0,0.0,0.0,0.0
2020-01-24,0,0,0,0,0,0,0,0,0.0,0.0,0.0,0.0,0.0,0.0
2020-01-25,3,0,0,3,3,0,0,3,0.0,0.0,100.0,0.0,0.0,100.0
2020-01-26,4,0,0,4,1,0,0,1,0.0,0.0,100.0,0.0,0.0,0.0
2020-01-27,4,0,0,4,0,0,0,0,0.0,0.0,100.0,0.0,0.0,0.0
2020-01-28,4,0,0,4,0,0,0,0,0.0,0.0,100.0,0.0,0.0,0.0
2020-01-29,7,0,0,7,3,0,0,3,0.0,0.0,100.0,0.0,0.0,0.0
2020-01-30,8,0,0,8,1,0,0,1,0.0,0.0,100.0,0.0,0.0,0.0
2020-01-31,8,0,0,8,0,0,0,0,0.0,0.0,100.0,0.0,0.0,0.0
2020-02-01,8,0,0,8,0,0,0,0,0.0,0.0,100.0,0.0,0.0,0.0
2020-02-02,8,0,0,8,0,0,0,0,0.0,0.0,100.0,0.0,0.0,0.0
2020-02-03,8,0,0,8,0,0,0,0,0.0,0.0,100.0,0.0,0.0,0.0
2020-02-04,10,0,0,10,2,0,0,2,0.0,0.0,100.0,0.0,0.0,0.0
2020-02-05,12,0,0,12,2,0,0,2,0.0,0.0,100.0,0.0,0.0,0.0
2020-02-06,12,0,0,12,0,0,0,0,0.0,0.0,100.0,0.0,0.0,0.0
2020-02-07,12,0,1,11,0,0,1,-1,0.0,8.3333,91.6667,0.0,8.3333,-8.333299999999994
2020-02-08,16,0,1,15,4,0,0,4,0.0,6.25,93.75,0.0,-2.0832999999999995,2.083299999999994
2020-02-09,16,0,1,15,0,0,0,0,0.0,6.25,93.75,0.0,0.0,0.0
2020-02-10,18,0,1,17,2,0,0,2,0.0,5.5556,94.4444,0.0,-0.6943999999999999,0.6944000000000017
2020-02-11,18,0,3,15,0,0,2,-2,0.0,16.6667,83.3333,0.0,11.111099999999999,-11.111100000000008
2020-02-12,18,0,3,15,0,0,0,0,0.0,16.6667,83.3333,0.0,0.0,0.0
2020-02-13,19,0,3,16,1,0,0,1,0.0,15.7895,84.2105,0.0,-0.8771999999999984,0.877200000000002
2020-02-14,19,0,3,16,0,0,0,0,0.0,15.7895,84.2105,0.0,0.0,0.0
2020-02-15,22,0,7,15,3,0,4,-1,0.0,31.8182,68.1818,0.0,16.0287,-16.0287
2020-02-16,22,0,7,15,0,0,0,0,0.0,31.8182,68.1818,0.0,0.0,0.0
2020-02-17,22,0,7,15,0,0,0,0,0.0,31.8182,68.1818,0.0,0.0,0.0
2020-02-18,22,0,13,9,0,0,6,-6,0.0,59.0909,40.9091,0.0,27.272699999999997,-27.272699999999993
2020-02-19,22,0,15,7,0,0,2,-2,0.0,68.1818,31.8182,0.0,9.090899999999998,-9.090900000000001
2020-02-20,22,0,15,7,0,0,0,0,0.0,68.1818,31.8182,0.0,0.0,0.0
2020-02-21,22,0,15,7,0,0,0,0,0.0,68.1818,31.8182,0.0,0.0,0.0
2020-02-22,22,0,15,7,0,0,0,0,0.0,68.1818,31.8182,0.0,0.0,0.0
2020-02-23,22,0,15,7,0,0,0,0,0.0,68.1818,31.8182,0.0,0.0,0.0
2020-02-24,22,0,18,4,0,0,3,-3,0.0,81.8182,18.1818,0.0,13.636400000000009,-13.636400000000002
2020-02-25,22,0,18,4,0,0,0,0,0.0,81.8182,18.1818,0.0,0.0,0.0
2020-02-26,22,0,18,4,0,0,0,0,0.0,81.8182,18.1818,0.0,0.0,0.0
2020-02-27,23,0,18,5,1,0,0,1,0.0,78.2609,21.7391,0.0,-3.557299999999998,3.5573000000000015
2020-02-28,23,0,18,5,0,0,0,0,0.0,78.2609,21.7391,0.0,0.0,0.0
2020-02-29,25,0,18,7,2,0,0,2,0.0,72.0,28.0,0.0,-6.260900000000007,6.2608999999999995
2020-03-01,29,0,18,11,4,0,0,4,0.0,62.069,37.931,0.0,-9.930999999999997,9.930999999999997
2020-03-02,29,0,18,11,0,0,0,0,0.0,62.069,37.931,0.0,0.0,0.0
2020-03-03,36,0,22,14,7,0,4,3,0.0,61.1111,38.8889,0.0,-0.9579000000000022,0.9579000000000022
2020-03-04,50,0,22,28,14,0,0,14,0.0,44.0,56.0,0.0,-17.1111,17.1111
2020-03-05,50,0,22,28,0,0,0,0,0.0,44.0,56.0,0.0,0.0,0.0
2020-03-06,83,0,22,61,33,0,0,33,0.0,26.506,73.494,0.0,-17.494,17.494
2020-03-07,93,0,23,70,10,0,1,9,0.0,24.7312,75.2688,0.0,-1.774799999999999,1.774799999999999
2020-03-08,99,0,24,75,6,0,1,5,0.0,24.2424,75.7576,0.0,-0.48880000000000123,0.4887999999999977
2020-03-09,117,0,24,93,18,0,0,18,0.0,20.5128,79.4872,0.0,-3.7296000000000014,3.729600000000005
2020-03-10,129,0,24,105,12,0,0,12,0.0,18.6047,81.3953,0.0,-1.9080999999999975,1.9081000000000046
2020-03-11,149,0,26,123,20,0,2,18,0.0,17.4497,82.5503,0.0,-1.1550000000000011,1.154999999999987
2020-03-12,149,0,26,123,0,0,0,0,0.0,17.4497,82.5503,0.0,0.0,0.0
2020-03-13,197,0,26,171,48,0,0,48,0.0,13.198,86.802,0.0,-4.2517,4.251700000000014
2020-03-14,238,0,35,203,41,0,9,32,0.0,14.7059,85.2941,0.0,1.5078999999999994,-1.5079000000000065
2020-03-15,428,0,42,386,190,0,7,183,0.0,9.8131,90.1869,0.0,-4.892799999999999,4.892799999999994
2020-03-16,566,0,42,524,138,0,0,138,0.0,7.4205,92.5795,0.0,-2.3926000000000007,2.3926000000000016
2020-03-17,673,2,49,622,107,2,7,98,0.2972,7.2808,92.422,0.2972,-0.1396999999999995,-0.15749999999999886
2020-03-18,790,2,60,728,117,0,11,106,0.2532,7.5949,92.1519,-0.04400000000000004,0.3140999999999998,-0.27009999999999934
2020-03-19,900,2,75,823,110,0,15,95,0.2222,8.3333,91.4444,-0.030999999999999972,0.7383999999999995,-0.707499999999996
2020-03-20,1030,3,87,940,130,1,12,117,0.2913,8.4466,91.2621,0.0691,0.11330000000000062,-0.1822999999999979
2020-03-21,1183,4,114,1065,153,1,27,125,0.3381,9.6365,90.0254,0.04680000000000001,1.1898999999999997,-1.236699999999999
