,Total Confirmed,Total Deaths,Total Recovered,Total Active,Change in Confirmed,Change in Deaths,Change in Recovered,Change in Active,Total Mortality_Rate,Total Recovery_Rate,Total Activity_Rate,Change in Mortality_Rate,Change in Recovery_Rate,Change in Activity_Rate
2020-01-22,0,0,0,0,0,0,0,0,0.0,0.0,0.0,0.0,0.0,0.0
2020-01-23,0,0,0,0,0,0,0,0,0.0,0.0,0.0,0.0,0.0,0.0
2020-01-24,0,0,0,0,0,0,0,0,0.0,0.0,0.0,0.0,0.0,0.0
2020-01-25,0,0,0,0,0,0,0,0,0.0,0.0,0.0,0.0,0.0,0.0
2020-01-26,0,0,0,0,0,0,0,0,0.0,0.0,0.0,0.0,0.0,0.0
2020-01-27,1,0,0,1,1,0,0,1,0.0,0.0,100.0,0.0,0.0,100.0
2020-01-28,4,0,0,4,3,0,0,3,0.0,0.0,100.0,0.0,0.0,0.0
2020-01-29,4,0,0,4,0,0,0,0,0.0,0.0,100.0,0.0,0.0,0.0
2020-01-30,4,0,0,4,0,0,0,0,0.0,0.0,100.0,0.0,0.0,0.0
2020-01-31,5,0,0,5,1,0,0,1,0.0,0.0,100.0,0.0,0.0,0.0
2020-02-01,8,0,0,8,3,0,0,3,0.0,0.0,100.0,0.0,0.0,0.0
2020-02-02,10,0,0,10,2,0,0,2,0.0,0.0,100.0,0.0,0.0,0.0
2020-02-03,12,0,0,12,2,0,0,2,0.0,0.0,100.0,0.0,0.0,0.0
2020-02-04,12,0,0,12,0,0,0,0,0.0,0.0,100.0,0.0,0.0,0.0
2020-02-05,12,0,0,12,0,0,0,0,0.0,0.0,100.0,0.0,0.0,0.0
2020-02-06,12,0,0,12,0,0,0,0,0.0,0.0,100.0,0.0,0.0,0.0
2020-02-07,13,0,0,13,1,0,0,1,0.0,0.0,100.0,0.0,0.0,0.0
2020-02-08,13,0,0,13,0,0,0,0,0.0,0.0,100.0,0.0,0.0,0.0
2020-02-09,14,0,0,14,1,0,0,1,0.0,0.0,100.0,0.0,0.0,0.0
2020-02-10,14,0,0,14,0,0,0,0,0.0,0.0,100.0,0.0,0.0,0.0
2020-02-11,16,0,0,16,2,0,0,2,0.0,0.0,100.0,0.0,0.0,0.0
2020-02-12,16,0,0,16,0,0,0,0,0.0,0.0,100.0,0.0,0.0,0.0
2020-02-13,16,0,1,15,0,0,1,-1,0.0,6.25,93.75,0.0,6.25,-6.25
2020-02-14,16,0,1,15,0,0,0,0,0.0,6.25,93.75,0.0,0.0,0.0
2020-02-15,16,0,1,15,0,0,0,0,0.0,6.25,93.75,0.0,0.0,0.0
2020-02-16,16,0,1,15,0,0,0,0,0.0,6.25,93.75,0.0,0.0,0.0
2020-02-17,16,0,1,15,0,0,0,0,0.0,6.25,93.75,0.0,0.0,0.0
2020-02-18,16,0,12,4,0,0,11,-11,0.0,75.0,25.0,0.0,68.75,-68.75
2020-02-19,16,0,12,4,0,0,0,0,0.0,75.0,25.0,0.0,0.0,0.0
2020-02-20,16,0,12,4,0,0,0,0,0.0,75.0,25.0,0.0,0.0,0.0
2020-02-21,16,0,14,2,0,0,2,-2,0.0,87.5,12.5,0.0,12.5,-12.5
2020-02-22,16,0,14,2,0,0,0,0,0.0,87.5,12.5,0.0,0.0,0.0
2020-02-23,16,0,14,2,0,0,0,0,0.0,87.5,12.5,0.0,0.0,0.0
2020-02-24,16,0,14,2,0,0,0,0,0.0,87.5,12.5,0.0,0.0,0.0
2020-02-25,17,0,14,3,1,0,0,1,0.0,82.3529,17.6471,0.0,-5.147099999999995,5.147099999999998
2020-02-26,27,0,15,12,10,0,1,9,0.0,55.5556,44.4444,0.0,-26.797300000000007,26.797300000000003
2020-02-27,46,0,16,30,19,0,1,18,0.0,34.7826,65.2174,0.0,-20.772999999999996,20.772999999999996
2020-02-28,48,0,16,32,2,0,0,2,0.0,33.3333,66.6667,0.0,-1.449300000000001,1.449300000000008
2020-02-29,79,0,16,63,31,0,0,31,0.0,20.2532,79.7468,0.0,-13.080100000000002,13.080099999999987
2020-03-01,130,0,16,114,51,0,0,51,0.0,12.3077,87.6923,0.0,-7.945499999999999,7.94550000000001
2020-03-02,159,0,16,143,29,0,0,29,0.0,10.0629,89.9371,0.0,-2.2447999999999997,2.244799999999998
2020-03-03,196,0,16,180,37,0,0,37,0.0,8.1633,91.8367,0.0,-1.8996000000000013,1.8995999999999924
2020-03-04,262,0,16,246,66,0,0,66,0.0,6.1069,93.8931,0.0,-2.056399999999999,2.0564000000000107
2020-03-05,482,0,16,466,220,0,0,220,0.0,3.3195,96.6805,0.0,-2.7874000000000003,2.787399999999991
2020-03-06,670,0,17,653,188,0,1,187,0.0,2.5373,97.4627,0.0,-0.7822,0.7822000000000031
2020-03-07,799,0,18,781,129,0,1,128,0.0,2.2528,97.7472,0.0,-0.2845,0.2845000000000084
2020-03-08,1040,0,18,1022,241,0,0,241,0.0,1.7308,98.2692,0.0,-0.5220000000000002,0.5219999999999914
2020-03-09,1176,2,18,1156,136,2,0,134,0.1701,1.5306,98.2993,0.1701,-0.20019999999999993,0.030100000000004457
2020-03-10,1457,2,18,1437,281,0,0,281,0.1373,1.2354,98.6273,-0.032799999999999996,-0.2951999999999999,0.32800000000000296
2020-03-11,1908,3,25,1880,451,1,7,443,0.1572,1.3103,98.5325,0.0199,0.07489999999999997,-0.09480000000000643
2020-03-12,2078,3,25,2050,170,0,0,170,0.1444,1.2031,98.6526,-0.012800000000000006,-0.10719999999999996,0.12010000000000787
2020-03-13,3675,7,46,3622,1597,4,21,1572,0.1905,1.2517,98.5578,0.0461,0.04859999999999998,-0.09480000000000643
2020-03-14,4585,9,46,4530,910,2,0,908,0.1963,1.0033,98.8004,0.0058,-0.24839999999999995,0.24259999999999593
2020-03-15,5795,11,46,5738,1210,2,0,1208,0.1898,0.7938,99.0164,-0.006500000000000006,-0.20950000000000013,0.21600000000000819
2020-03-16,7272,17,67,7188,1477,6,21,1450,0.2338,0.9213,98.8449,0.04400000000000001,0.12750000000000006,-0.17150000000000887
2020-03-17,9257,24,67,9166,1985,7,0,1978,0.2593,0.7238,99.017,0.025499999999999967,-0.1975,0.17210000000000036
2020-03-18,12327,28,105,12194,3070,4,38,3028,0.2271,0.8518,98.9211,-0.03219999999999998,0.128,-0.09590000000000032
2020-03-19,15320,44,113,15163,2993,16,8,2969,0.2872,0.7376,98.9752,0.060100000000000015,-0.11419999999999997,0.054100000000005366
2020-03-20,19848,67,180,19601,4528,23,67,4438,0.3376,0.9069,98.7555,0.0504,0.1693,-0.21970000000000312
2020-03-21,22213,84,233,21896,2365,17,53,2295,0.3782,1.0489,98.5729,0.04059999999999997,0.1419999999999999,-0.18259999999999366
