,Total Confirmed,Total Deaths,Total Recovered,Total Active,Change in Confirmed,Change in Deaths,Change in Recovered,Change in Active,Total Mortality_Rate,Total Recovery_Rate,Total Activity_Rate,Change in Mortality_Rate,Change in Recovery_Rate,Change in Activity_Rate
2020-01-22,0,0,0,0,0,0,0,0,0.0,0.0,0.0,0.0,0.0,0.0
2020-01-23,0,0,0,0,0,0,0,0,0.0,0.0,0.0,0.0,0.0,0.0
2020-01-24,0,0,0,0,0,0,0,0,0.0,0.0,0.0,0.0,0.0,0.0
2020-01-25,0,0,0,0,0,0,0,0,0.0,0.0,0.0,0.0,0.0,0.0
2020-01-26,0,0,0,0,0,0,0,0,0.0,0.0,0.0,0.0,0.0,0.0
2020-01-27,0,0,0,0,0,0,0,0,0.0,0.0,0.0,0.0,0.0,0.0
2020-01-28,0,0,0,0,0,0,0,0,0.0,0.0,0.0,0.0,0.0,0.0
2020-01-29,0,0,0,0,0,0,0,0,0.0,0.0,0.0,0.0,0.0,0.0
2020-01-30,1,0,0,1,1,0,0,1,0.0,0.0,100.0,0.0,0.0,100.0
2020-01-31,1,0,0,1,0,0,0,0,0.0,0.0,100.0,0.0,0.0,0.0
2020-02-01,1,0,0,1,0,0,0,0,0.0,0.0,100.0,0.0,0.0,0.0
2020-02-02,2,1,0,1,1,1,0,0,50.0,0.0,50.0,50.0,0.0,-50.0
2020-02-03,2,1,0,1,0,0,0,0,50.0,0.0,50.0,0.0,0.0,0.0
2020-02-04,2,1,0,1,0,0,0,0,50.0,0.0,50.0,0.0,0.0,0.0
2020-02-05,2,1,0,1,0,0,0,0,50.0,0.0,50.0,0.0,0.0,0.0
2020-02-06,2,1,0,1,0,0,0,0,50.0,0.0,50.0,0.0,0.0,0.0
2020-02-07,3,1,0,2,1,0,0,1,33.3333,0.0,66.6667,-16.6667,0.0,16.666700000000006
2020-02-08,3,1,0,2,0,0,0,0,33.3333,0.0,66.6667,0.0,0.0,0.0
2020-02-09,3,1,0,2,0,0,0,0,33.3333,0.0,66.6667,0.0,0.0,0.0
2020-02-10,3,1,0,2,0,0,0,0,33.3333,0.0,66.6667,0.0,0.0,0.0
2020-02-11,3,1,0,2,0,0,0,0,33.3333,0.0,66.6667,0.0,0.0,0.0
2020-02-12,3,1,1,1,0,0,1,-1,33.3333,33.3333,33.3333,0.0,33.3333,-33.333400000000005
2020-02-13,3,1,1,1,0,0,0,0,33.3333,33.3333,33.3333,0.0,0.0,0.0
2020-02-14,3,1,1,1,0,0,0,0,33.3333,33.3333,33.3333,0.0,0.0,0.0
2020-02-15,3,1,1,1,0,0,0,0,33.3333,33.3333,33.3333,0.0,0.0,0.0
2020-02-16,3,1,1,1,0,0,0,0,33.3333,33.3333,33.3333,0.0,0.0,0.0
2020-02-17,3,1,1,1,0,0,0,0,33.3333,33.3333,33.3333,0.0,0.0,0.0
2020-02-18,3,1,1,1,0,0,0,0,33.3333,33.3333,33.3333,0.0,0.0,0.0
2020-02-19,3,1,1,1,0,0,0,0,33.3333,33.3333,33.3333,0.0,0.0,0.0
2020-02-20,3,1,1,1,0,0,0,0,33.3333,33.3333,33.3333,0.0,0.0,0.0
2020-02-21,3,1,1,1,0,0,0,0,33.3333,33.3333,33.3333,0.0,0.0,0.0
2020-02-22,3,1,1,1,0,0,0,0,33.3333,33.3333,33.3333,0.0,0.0,0.0
2020-02-23,3,1,1,1,0,0,0,0,33.3333,33.3333,33.3333,0.0,0.0,0.0
2020-02-24,3,1,1,1,0,0,0,0,33.3333,33.3333,33.3333,0.0,0.0,0.0
2020-02-25,3,1,1,1,0,0,0,0,33.3333,33.3333,33.3333,0.0,0.0,0.0
2020-02-26,3,1,1,1,0,0,0,0,33.3333,33.3333,33.3333,0.0,0.0,0.0
2020-02-27,3,1,1,1,0,0,0,0,33.3333,33.3333,33.3333,0.0,0.0,0.0
2020-02-28,3,1,1,1,0,0,0,0,33.3333,33.3333,33.3333,0.0,0.0,0.0
2020-02-29,3,1,1,1,0,0,0,0,33.3333,33.3333,33.3333,0.0,0.0,0.0
2020-03-01,3,1,1,1,0,0,0,0,33.3333,33.3333,33.3333,0.0,0.0,0.0
2020-03-02,3,1,1,1,0,0,0,0,33.3333,33.3333,33.3333,0.0,0.0,0.0
2020-03-03,3,1,1,1,0,0,0,0,33.3333,33.3333,33.3333,0.0,0.0,0.0
2020-03-04,3,1,1,1,0,0,0,0,33.3333,33.3333,33.3333,0.0,0.0,0.0
2020-03-05,3,1,1,1,0,0,0,0,33.3333,33.3333,33.3333,0.0,0.0,0.0
2020-03-06,5,1,1,3,2,0,0,2,20.0,20.0,60.0,-13.333300000000001,-13.333300000000001,26.6667
2020-03-07,6,1,1,4,1,0,0,1,16.6667,16.6667,66.6667,-3.3333000000000013,-3.3333000000000013,6.666700000000006
2020-03-08,10,1,1,8,4,0,0,4,10.0,10.0,80.0,-6.666699999999999,-6.666699999999999,13.333299999999994
2020-03-09,20,1,1,18,10,0,0,10,5.0,5.0,90.0,-5.0,-5.0,10.0
2020-03-10,33,1,2,30,13,0,1,12,3.0303,6.0606,90.9091,-1.9697,1.0606,0.9090999999999951
2020-03-11,49,1,2,46,16,0,0,16,2.0408,4.0816,93.8776,-0.9895,-1.979,2.968500000000006
2020-03-12,52,2,2,48,3,1,0,2,3.8462,3.8462,92.3077,1.8054000000000001,-0.23539999999999983,-1.569900000000004
2020-03-13,64,5,2,57,12,3,0,9,7.8125,3.125,89.0625,3.9663,-0.7212000000000001,-3.245199999999997
2020-03-14,111,8,2,101,47,3,0,44,7.2072,1.8018,90.991,-0.6052999999999997,-1.3232,1.9284999999999997
2020-03-15,140,11,2,127,29,3,0,26,7.8571,1.4286,90.7143,0.6498999999999997,-0.3732,-0.2767000000000053
2020-03-16,142,12,2,128,2,1,0,1,8.4507,1.4085,90.1408,0.5935999999999995,-0.020100000000000007,-0.5734999999999957
2020-03-17,187,12,5,170,45,0,3,42,6.4171,2.6738,90.9091,-2.0336,1.2652999999999999,0.7682999999999964
2020-03-18,202,19,5,178,15,7,0,8,9.4059,2.4752,88.1188,2.9888000000000012,-0.1985999999999999,-2.790300000000002
2020-03-19,217,17,8,192,15,-2,3,14,7.8341,3.6866,88.4793,-1.5718000000000005,1.2113999999999998,0.3605000000000018
2020-03-20,230,18,8,204,13,1,0,12,7.8261,3.4783,88.6957,-0.008000000000000007,-0.20829999999999993,0.21640000000000725
2020-03-21,307,19,13,275,77,1,5,71,6.1889,4.2345,89.5765,-1.6372,0.7561999999999998,0.8807999999999936
