,Total Confirmed,Total Deaths,Total Recovered,Total Active,Change in Confirmed,Change in Deaths,Change in Recovered,Change in Active,Total Mortality_Rate,Total Recovery_Rate,Total Activity_Rate,Change in Mortality_Rate,Change in Recovery_Rate,Change in Activity_Rate
2020-01-22,0,0,0,0,0,0,0,0,0.0,0.0,0.0,0.0,0.0,0.0
2020-01-23,0,0,0,0,0,0,0,0,0.0,0.0,0.0,0.0,0.0,0.0
2020-01-24,0,0,0,0,0,0,0,0,0.0,0.0,0.0,0.0,0.0,0.0
2020-01-25,0,0,0,0,0,0,0,0,0.0,0.0,0.0,0.0,0.0,0.0
2020-01-26,0,0,0,0,0,0,0,0,0.0,0.0,0.0,0.0,0.0,0.0
2020-01-27,0,0,0,0,0,0,0,0,0.0,0.0,0.0,0.0,0.0,0.0
2020-01-28,0,0,0,0,0,0,0,0,0.0,0.0,0.0,0.0,0.0,0.0
2020-01-29,0,0,0,0,0,0,0,0,0.0,0.0,0.0,0.0,0.0,0.0
2020-01-30,0,0,0,0,0,0,0,0,0.0,0.0,0.0,0.0,0.0,0.0
2020-01-31,2,0,0,2,2,0,0,2,0.0,0.0,100.0,0.0,0.0,100.0
2020-02-01,2,0,0,2,0,0,0,0,0.0,0.0,100.0,0.0,0.0,0.0
2020-02-02,2,0,0,2,0,0,0,0,0.0,0.0,100.0,0.0,0.0,0.0
2020-02-03,2,0,0,2,0,0,0,0,0.0,0.0,100.0,0.0,0.0,0.0
2020-02-04,2,0,0,2,0,0,0,0,0.0,0.0,100.0,0.0,0.0,0.0
2020-02-05,2,0,0,2,0,0,0,0,0.0,0.0,100.0,0.0,0.0,0.0
2020-02-06,2,0,0,2,0,0,0,0,0.0,0.0,100.0,0.0,0.0,0.0
2020-02-07,3,0,0,3,1,0,0,1,0.0,0.0,100.0,0.0,0.0,0.0
2020-02-08,3,0,0,3,0,0,0,0,0.0,0.0,100.0,0.0,0.0,0.0
2020-02-09,3,0,0,3,0,0,0,0,0.0,0.0,100.0,0.0,0.0,0.0
2020-02-10,8,0,0,8,5,0,0,5,0.0,0.0,100.0,0.0,0.0,0.0
2020-02-11,8,0,0,8,0,0,0,0,0.0,0.0,100.0,0.0,0.0,0.0
2020-02-12,9,0,1,8,1,0,1,0,0.0,11.1111,88.8889,0.0,11.1111,-11.111099999999993
2020-02-13,9,0,1,8,0,0,0,0,0.0,11.1111,88.8889,0.0,0.0,0.0
2020-02-14,9,0,1,8,0,0,0,0,0.0,11.1111,88.8889,0.0,0.0,0.0
2020-02-15,9,0,1,8,0,0,0,0,0.0,11.1111,88.8889,0.0,0.0,0.0
2020-02-16,9,0,8,1,0,0,7,-7,0.0,88.8889,11.1111,0.0,77.77780000000001,-77.77780000000001
2020-02-17,9,0,8,1,0,0,0,0,0.0,88.8889,11.1111,0.0,0.0,0.0
2020-02-18,9,0,8,1,0,0,0,0,0.0,88.8889,11.1111,0.0,0.0,0.0
2020-02-19,9,0,8,1,0,0,0,0,0.0,88.8889,11.1111,0.0,0.0,0.0
2020-02-20,9,0,8,1,0,0,0,0,0.0,88.8889,11.1111,0.0,0.0,0.0
2020-02-21,9,0,8,1,0,0,0,0,0.0,88.8889,11.1111,0.0,0.0,0.0
2020-02-22,9,0,8,1,0,0,0,0,0.0,88.8889,11.1111,0.0,0.0,0.0
2020-02-23,9,0,8,1,0,0,0,0,0.0,88.8889,11.1111,0.0,0.0,0.0
2020-02-24,13,0,8,5,4,0,0,4,0.0,61.5385,38.4615,0.0,-27.350400000000008,27.3504
2020-02-25,13,0,8,5,0,0,0,0,0.0,61.5385,38.4615,0.0,0.0,0.0
2020-02-26,13,0,8,5,0,0,0,0,0.0,61.5385,38.4615,0.0,0.0,0.0
2020-02-27,15,0,8,7,2,0,0,2,0.0,53.3333,46.6667,0.0,-8.205199999999998,8.205199999999998
2020-02-28,20,0,8,12,5,0,0,5,0.0,40.0,60.0,0.0,-13.333300000000001,13.333300000000001
2020-02-29,23,0,8,15,3,0,0,3,0.0,34.7826,65.2174,0.0,-5.217399999999998,5.217399999999998
2020-03-01,36,0,8,28,13,0,0,13,0.0,22.2222,77.7778,0.0,-12.560400000000001,12.560400000000001
2020-03-02,40,0,8,32,4,0,0,4,0.0,20.0,80.0,0.0,-2.222200000000001,2.222200000000001
2020-03-03,51,0,8,43,11,0,0,11,0.0,15.6863,84.3137,0.0,-4.313700000000001,4.313699999999997
2020-03-04,86,0,8,78,35,0,0,35,0.0,9.3023,90.6977,0.0,-6.383999999999999,6.384
2020-03-05,116,1,8,107,30,1,0,29,0.8621,6.8966,92.2414,0.8621,-2.4057000000000004,1.5437000000000012
2020-03-06,164,2,8,154,48,1,0,47,1.2195,4.878,93.9024,0.35740000000000005,-2.0186,1.6610000000000014
2020-03-07,207,2,18,187,43,0,10,33,0.9662,8.6957,90.3382,-0.2533000000000001,3.8177000000000003,-3.5641999999999996
2020-03-08,274,3,18,253,67,1,0,66,1.0949,6.5693,92.3358,0.12870000000000004,-2.1264000000000003,1.9976000000000056
2020-03-09,322,4,18,300,48,1,0,47,1.2422,5.5901,93.1677,0.1473,-0.9792000000000005,0.8318999999999903
2020-03-10,384,6,19,359,62,2,1,59,1.5625,4.9479,93.4896,0.32030000000000003,-0.6421999999999999,0.3218999999999994
2020-03-11,459,8,19,432,75,2,0,73,1.7429,4.1394,94.1176,0.1803999999999999,-0.8084999999999996,0.6280000000000001
2020-03-12,459,8,19,432,0,0,0,0,1.7429,4.1394,94.1176,0.0,0.0,0.0
2020-03-13,802,8,19,775,343,0,0,343,0.9975,2.3691,96.6334,-0.7453999999999998,-1.7703000000000002,2.5157999999999987
2020-03-14,1144,21,19,1104,342,13,0,329,1.8357,1.6608,96.5035,0.8382000000000001,-0.7082999999999999,-0.12989999999999213
2020-03-15,1145,21,19,1105,1,0,0,1,1.8341,1.6594,96.5066,-0.0016000000000000458,-0.0014000000000000679,0.0031000000000034333
2020-03-16,1551,56,21,1474,406,35,2,369,3.6106,1.354,95.0355,1.7764999999999997,-0.3053999999999999,-1.471100000000007
2020-03-17,1960,56,53,1851,409,0,32,377,2.8571,2.7041,94.4388,-0.7534999999999998,1.3500999999999999,-0.5966999999999985
2020-03-18,2642,72,67,2503,682,16,14,652,2.7252,2.536,94.7388,-0.1318999999999999,-0.16809999999999992,0.29999999999999716
2020-03-19,2716,138,67,2511,74,66,0,8,5.081,2.4669,92.4521,2.3558000000000003,-0.06910000000000016,-2.286699999999996
2020-03-20,4014,178,67,3769,1298,40,0,1258,4.4345,1.6692,93.8964,-0.6465000000000005,-0.7976999999999999,1.4442999999999984
2020-03-21,5067,234,67,4766,1053,56,0,997,4.6181,1.3223,94.0596,0.1836000000000002,-0.3469,0.16320000000000334
