,Total Confirmed,Total Deaths,Total Recovered,Total Active,Change in Confirmed,Change in Deaths,Change in Recovered,Change in Active,Total Mortality_Rate,Total Recovery_Rate,Total Activity_Rate,Change in Mortality_Rate,Change in Recovery_Rate,Change in Activity_Rate
2020-01-22,0,0,0,0,0,0,0,0,0.0,0.0,0.0,0.0,0.0,0.0
2020-01-23,0,0,0,0,0,0,0,0,0.0,0.0,0.0,0.0,0.0,0.0
2020-01-24,0,0,0,0,0,0,0,0,0.0,0.0,0.0,0.0,0.0,0.0
2020-01-25,0,0,0,0,0,0,0,0,0.0,0.0,0.0,0.0,0.0,0.0
2020-01-26,0,0,0,0,0,0,0,0,0.0,0.0,0.0,0.0,0.0,0.0
2020-01-27,0,0,0,0,0,0,0,0,0.0,0.0,0.0,0.0,0.0,0.0
2020-01-28,0,0,0,0,0,0,0,0,0.0,0.0,0.0,0.0,0.0,0.0
2020-01-29,0,0,0,0,0,0,0,0,0.0,0.0,0.0,0.0,0.0,0.0
2020-01-30,0,0,0,0,0,0,0,0,0.0,0.0,0.0,0.0,0.0,0.0
2020-01-31,0,0,0,0,0,0,0,0,0.0,0.0,0.0,0.0,0.0,0.0
2020-02-01,0,0,0,0,0,0,0,0,0.0,0.0,0.0,0.0,0.0,0.0
2020-02-02,0,0,0,0,0,0,0,0,0.0,0.0,0.0,0.0,0.0,0.0
2020-02-03,0,0,0,0,0,0,0,0,0.0,0.0,0.0,0.0,0.0,0.0
2020-02-04,1,0,0,1,1,0,0,1,0.0,0.0,100.0,0.0,0.0,100.0
2020-02-05,1,0,0,1,0,0,0,0,0.0,0.0,100.0,0.0,0.0,0.0
2020-02-06,1,0,0,1,0,0,0,0,0.0,0.0,100.0,0.0,0.0,0.0
2020-02-07,1,0,0,1,0,0,0,0,0.0,0.0,100.0,0.0,0.0,0.0
2020-02-08,1,0,0,1,0,0,0,0,0.0,0.0,100.0,0.0,0.0,0.0
2020-02-09,1,0,0,1,0,0,0,0,0.0,0.0,100.0,0.0,0.0,0.0
2020-02-10,1,0,0,1,0,0,0,0,0.0,0.0,100.0,0.0,0.0,0.0
2020-02-11,1,0,0,1,0,0,0,0,0.0,0.0,100.0,0.0,0.0,0.0
2020-02-12,1,0,0,1,0,0,0,0,0.0,0.0,100.0,0.0,0.0,0.0
2020-02-13,1,0,0,1,0,0,0,0,0.0,0.0,100.0,0.0,0.0,0.0
2020-02-14,1,0,0,1,0,0,0,0,0.0,0.0,100.0,0.0,0.0,0.0
2020-02-15,1,0,0,1,0,0,0,0,0.0,0.0,100.0,0.0,0.0,0.0
2020-02-16,1,0,0,1,0,0,0,0,0.0,0.0,100.0,0.0,0.0,0.0
2020-02-17,1,0,1,0,0,0,1,-1,0.0,100.0,0.0,0.0,100.0,-100.0
2020-02-18,1,0,1,0,0,0,0,0,0.0,100.0,0.0,0.0,0.0,0.0
2020-02-19,1,0,1,0,0,0,0,0,0.0,100.0,0.0,0.0,0.0,0.0
2020-02-20,1,0,1,0,0,0,0,0,0.0,100.0,0.0,0.0,0.0,0.0
2020-02-21,1,0,1,0,0,0,0,0,0.0,100.0,0.0,0.0,0.0,0.0
2020-02-22,1,0,1,0,0,0,0,0,0.0,100.0,0.0,0.0,0.0,0.0
2020-02-23,1,0,1,0,0,0,0,0,0.0,100.0,0.0,0.0,0.0,0.0
2020-02-24,1,0,1,0,0,0,0,0,0.0,100.0,0.0,0.0,0.0,0.0
2020-02-25,1,0,1,0,0,0,0,0,0.0,100.0,0.0,0.0,0.0,0.0
2020-02-26,1,0,1,0,0,0,0,0,0.0,100.0,0.0,0.0,0.0,0.0
2020-02-27,1,0,1,0,0,0,0,0,0.0,100.0,0.0,0.0,0.0,0.0
2020-02-28,1,0,1,0,0,0,0,0,0.0,100.0,0.0,0.0,0.0,0.0
2020-02-29,1,0,1,0,0,0,0,0,0.0,100.0,0.0,0.0,0.0,0.0
2020-03-01,2,0,1,1,1,0,0,1,0.0,50.0,50.0,0.0,-50.0,50.0
2020-03-02,8,0,1,7,6,0,0,6,0.0,12.5,87.5,0.0,-37.5,37.5
2020-03-03,13,0,1,12,5,0,0,5,0.0,7.6923,92.3077,0.0,-4.8077,4.807699999999997
2020-03-04,23,0,1,22,10,0,0,10,0.0,4.3478,95.6522,0.0,-3.3445,3.3444999999999965
2020-03-05,50,0,1,49,27,0,0,27,0.0,2.0,98.0,0.0,-2.3478000000000003,2.3478000000000065
2020-03-06,109,0,1,108,59,0,0,59,0.0,0.9174,99.0826,0.0,-1.0826,1.0825999999999993
2020-03-07,169,0,1,168,60,0,0,60,0.0,0.5917,99.4083,0.0,-0.3257,0.32569999999999766
2020-03-08,200,0,1,199,31,0,0,31,0.0,0.5,99.5,0.0,-0.0917,0.091700000000003
2020-03-09,239,0,1,238,39,0,0,39,0.0,0.4184,99.5816,0.0,-0.0816,0.08159999999999457
2020-03-10,267,0,1,266,28,0,0,28,0.0,0.3745,99.6255,0.0,-0.043899999999999995,0.04390000000000782
2020-03-11,314,3,1,310,47,3,0,44,0.9554,0.3185,98.7261,0.9554,-0.055999999999999994,-0.8994
2020-03-12,314,3,1,310,0,0,0,0,0.9554,0.3185,98.7261,0.0,0.0,0.0
2020-03-13,559,3,1,555,245,0,0,245,0.5367,0.1789,99.2844,-0.41870000000000007,-0.1396,0.5583000000000027
2020-03-14,689,4,1,684,130,1,0,129,0.5806,0.1451,99.2743,0.04390000000000005,-0.0338,-0.010100000000008436
2020-03-15,886,4,1,881,197,0,0,197,0.4515,0.1129,99.4357,-0.1291,-0.032200000000000006,0.16140000000000043
2020-03-16,1058,5,1,1052,172,1,0,171,0.4726,0.0945,99.4329,0.021100000000000008,-0.0184,-0.0027999999999934744
2020-03-17,1243,10,1,1232,185,5,0,180,0.8045,0.0805,99.115,0.3319,-0.013999999999999999,-0.31790000000000873
2020-03-18,1486,14,31,1441,243,4,30,209,0.9421,2.0861,96.9717,0.13760000000000006,2.0056000000000003,-2.1432999999999964
2020-03-19,1795,21,31,1743,309,7,0,302,1.1699,1.727,97.1031,0.2277999999999999,-0.3591,0.1313999999999993
2020-03-20,2257,37,1,2219,462,16,-30,476,1.6393,0.0443,98.3163,0.46940000000000004,-1.6827,1.2132000000000005
2020-03-21,2815,67,263,2485,558,30,262,266,2.3801,9.3428,88.2771,0.7408000000000001,9.2985,-10.039199999999994
