,Total Confirmed,Total Deaths,Total Recovered,Total Active,Change in Confirmed,Change in Deaths,Change in Recovered,Change in Active,Total Mortality_Rate,Total Recovery_Rate,Total Activity_Rate,Change in Mortality_Rate,Change in Recovery_Rate,Change in Activity_Rate
2020-01-22,0,0,0,0,0,0,0,0,0.0,0.0,0.0,0.0,0.0,0.0
2020-01-23,0,0,0,0,0,0,0,0,0.0,0.0,0.0,0.0,0.0,0.0
2020-01-24,0,0,0,0,0,0,0,0,0.0,0.0,0.0,0.0,0.0,0.0
2020-01-25,0,0,0,0,0,0,0,0,0.0,0.0,0.0,0.0,0.0,0.0
2020-01-26,0,0,0,0,0,0,0,0,0.0,0.0,0.0,0.0,0.0,0.0
2020-01-27,0,0,0,0,0,0,0,0,0.0,0.0,0.0,0.0,0.0,0.0
2020-01-28,0,0,0,0,0,0,0,0,0.0,0.0,0.0,0.0,0.0,0.0
2020-01-29,0,0,0,0,0,0,0,0,0.0,0.0,0.0,0.0,0.0,0.0
2020-01-30,1,0,0,1,1,0,0,1,0.0,0.0,100.0,0.0,0.0,100.0
2020-01-31,1,0,0,1,0,0,0,0,0.0,0.0,100.0,0.0,0.0,0.0
2020-02-01,1,0,0,1,0,0,0,0,0.0,0.0,100.0,0.0,0.0,0.0
2020-02-02,2,0,0,2,1,0,0,1,0.0,0.0,100.0,0.0,0.0,0.0
2020-02-03,3,0,0,3,1,0,0,1,0.0,0.0,100.0,0.0,0.0,0.0
2020-02-04,3,0,0,3,0,0,0,0,0.0,0.0,100.0,0.0,0.0,0.0
2020-02-05,3,0,0,3,0,0,0,0,0.0,0.0,100.0,0.0,0.0,0.0
2020-02-06,3,0,0,3,0,0,0,0,0.0,0.0,100.0,0.0,0.0,0.0
2020-02-07,3,0,0,3,0,0,0,0,0.0,0.0,100.0,0.0,0.0,0.0
2020-02-08,3,0,0,3,0,0,0,0,0.0,0.0,100.0,0.0,0.0,0.0
2020-02-09,3,0,0,3,0,0,0,0,0.0,0.0,100.0,0.0,0.0,0.0
2020-02-10,3,0,0,3,0,0,0,0,0.0,0.0,100.0,0.0,0.0,0.0
2020-02-11,3,0,0,3,0,0,0,0,0.0,0.0,100.0,0.0,0.0,0.0
2020-02-12,3,0,0,3,0,0,0,0,0.0,0.0,100.0,0.0,0.0,0.0
2020-02-13,3,0,0,3,0,0,0,0,0.0,0.0,100.0,0.0,0.0,0.0
2020-02-14,3,0,0,3,0,0,0,0,0.0,0.0,100.0,0.0,0.0,0.0
2020-02-15,3,0,0,3,0,0,0,0,0.0,0.0,100.0,0.0,0.0,0.0
2020-02-16,3,0,3,0,0,0,3,-3,0.0,100.0,0.0,0.0,100.0,-100.0
2020-02-17,3,0,3,0,0,0,0,0,0.0,100.0,0.0,0.0,0.0,0.0
2020-02-18,3,0,3,0,0,0,0,0,0.0,100.0,0.0,0.0,0.0,0.0
2020-02-19,3,0,3,0,0,0,0,0,0.0,100.0,0.0,0.0,0.0,0.0
2020-02-20,3,0,3,0,0,0,0,0,0.0,100.0,0.0,0.0,0.0,0.0
2020-02-21,3,0,3,0,0,0,0,0,0.0,100.0,0.0,0.0,0.0,0.0
2020-02-22,3,0,3,0,0,0,0,0,0.0,100.0,0.0,0.0,0.0,0.0
2020-02-23,3,0,3,0,0,0,0,0,0.0,100.0,0.0,0.0,0.0,0.0
2020-02-24,3,0,3,0,0,0,0,0,0.0,100.0,0.0,0.0,0.0,0.0
2020-02-25,3,0,3,0,0,0,0,0,0.0,100.0,0.0,0.0,0.0,0.0
2020-02-26,3,0,3,0,0,0,0,0,0.0,100.0,0.0,0.0,0.0,0.0
2020-02-27,3,0,3,0,0,0,0,0,0.0,100.0,0.0,0.0,0.0,0.0
2020-02-28,3,0,3,0,0,0,0,0,0.0,100.0,0.0,0.0,0.0,0.0
2020-02-29,3,0,3,0,0,0,0,0,0.0,100.0,0.0,0.0,0.0,0.0
2020-03-01,3,0,3,0,0,0,0,0,0.0,100.0,0.0,0.0,0.0,0.0
2020-03-02,5,0,3,2,2,0,0,2,0.0,60.0,40.0,0.0,-40.0,40.0
2020-03-03,5,0,3,2,0,0,0,0,0.0,60.0,40.0,0.0,0.0,0.0
2020-03-04,28,0,3,25,23,0,0,23,0.0,10.7143,89.2857,0.0,-49.2857,49.285700000000006
2020-03-05,30,0,3,27,2,0,0,2,0.0,10.0,90.0,0.0,-0.7142999999999997,0.7142999999999944
2020-03-06,31,0,3,28,1,0,0,1,0.0,9.6774,90.3226,0.0,-0.32259999999999955,0.3225999999999942
2020-03-07,34,0,3,31,3,0,0,3,0.0,8.8235,91.1765,0.0,-0.8539000000000012,0.8539000000000101
2020-03-08,39,0,3,36,5,0,0,5,0.0,7.6923,92.3077,0.0,-1.1311999999999989,1.1311999999999927
2020-03-09,43,0,3,40,4,0,0,4,0.0,6.9767,93.0233,0.0,-0.7156000000000002,0.7156000000000091
2020-03-10,56,0,4,52,13,0,1,12,0.0,7.1429,92.8571,0.0,0.1661999999999999,-0.16620000000000346
2020-03-11,62,1,4,57,6,1,0,5,1.6129,6.4516,91.9355,1.6129,-0.6913,-0.921599999999998
2020-03-12,73,1,4,68,11,0,0,11,1.3699,5.4795,93.1507,-0.2430000000000001,-0.9721000000000002,1.2151999999999958
2020-03-13,82,2,4,76,9,1,0,8,2.439,4.878,92.6829,1.0691000000000002,-0.6014999999999997,-0.4677999999999969
2020-03-14,102,2,4,96,20,0,0,20,1.9608,3.9216,94.1176,-0.47819999999999996,-0.9563999999999999,1.4346999999999923
2020-03-15,113,2,13,98,11,0,9,2,1.7699,11.5044,86.7257,-0.19090000000000007,7.582800000000001,-7.391899999999993
2020-03-16,119,2,13,104,6,0,0,6,1.6807,10.9244,87.395,-0.08919999999999995,-0.5800000000000001,0.6692999999999927
2020-03-17,142,3,14,125,23,1,1,21,2.1127,9.8592,88.0282,0.4319999999999997,-1.0652000000000008,0.6332000000000022
2020-03-18,156,3,14,139,14,0,0,14,1.9231,8.9744,89.1026,-0.18959999999999977,-0.8848000000000003,1.0743999999999971
2020-03-19,194,4,15,175,38,1,1,36,2.0619,7.732,90.2062,0.13880000000000003,-1.242399999999999,1.1036000000000001
2020-03-20,244,5,20,219,50,1,5,44,2.0492,8.1967,89.7541,-0.012700000000000156,0.46469999999999967,-0.4521000000000015
2020-03-21,330,4,23,303,86,-1,3,84,1.2121,6.9697,91.8182,-0.8371,-1.2270000000000003,2.0641000000000105
