,Total Confirmed,Total Deaths,Total Recovered,Total Active,Change in Confirmed,Change in Deaths,Change in Recovered,Change in Active,Total Mortality_Rate,Total Recovery_Rate,Total Activity_Rate,Change in Mortality_Rate,Change in Recovery_Rate,Change in Activity_Rate
2020-01-22,0,0,0,0,0,0,0,0,0.0,0.0,0.0,0.0,0.0,0.0
2020-01-23,0,0,0,0,0,0,0,0,0.0,0.0,0.0,0.0,0.0,0.0
2020-01-24,0,0,0,0,0,0,0,0,0.0,0.0,0.0,0.0,0.0,0.0
2020-01-25,0,0,0,0,0,0,0,0,0.0,0.0,0.0,0.0,0.0,0.0
2020-01-26,0,0,0,0,0,0,0,0,0.0,0.0,0.0,0.0,0.0,0.0
2020-01-27,0,0,0,0,0,0,0,0,0.0,0.0,0.0,0.0,0.0,0.0
2020-01-28,0,0,0,0,0,0,0,0,0.0,0.0,0.0,0.0,0.0,0.0
2020-01-29,0,0,0,0,0,0,0,0,0.0,0.0,0.0,0.0,0.0,0.0
2020-01-30,0,0,0,0,0,0,0,0,0.0,0.0,0.0,0.0,0.0,0.0
2020-01-31,1,0,0,1,1,0,0,1,0.0,0.0,100.0,0.0,0.0,100.0
2020-02-01,1,0,0,1,0,0,0,0,0.0,0.0,100.0,0.0,0.0,0.0
2020-02-02,1,0,0,1,0,0,0,0,0.0,0.0,100.0,0.0,0.0,0.0
2020-02-03,1,0,0,1,0,0,0,0,0.0,0.0,100.0,0.0,0.0,0.0
2020-02-04,1,0,0,1,0,0,0,0,0.0,0.0,100.0,0.0,0.0,0.0
2020-02-05,1,0,0,1,0,0,0,0,0.0,0.0,100.0,0.0,0.0,0.0
2020-02-06,1,0,0,1,0,0,0,0,0.0,0.0,100.0,0.0,0.0,0.0
2020-02-07,1,0,0,1,0,0,0,0,0.0,0.0,100.0,0.0,0.0,0.0
2020-02-08,1,0,0,1,0,0,0,0,0.0,0.0,100.0,0.0,0.0,0.0
2020-02-09,1,0,0,1,0,0,0,0,0.0,0.0,100.0,0.0,0.0,0.0
2020-02-10,1,0,0,1,0,0,0,0,0.0,0.0,100.0,0.0,0.0,0.0
2020-02-11,1,0,0,1,0,0,0,0,0.0,0.0,100.0,0.0,0.0,0.0
2020-02-12,1,0,0,1,0,0,0,0,0.0,0.0,100.0,0.0,0.0,0.0
2020-02-13,1,0,0,1,0,0,0,0,0.0,0.0,100.0,0.0,0.0,0.0
2020-02-14,1,0,0,1,0,0,0,0,0.0,0.0,100.0,0.0,0.0,0.0
2020-02-15,1,0,0,1,0,0,0,0,0.0,0.0,100.0,0.0,0.0,0.0
2020-02-16,1,0,0,1,0,0,0,0,0.0,0.0,100.0,0.0,0.0,0.0
2020-02-17,1,0,0,1,0,0,0,0,0.0,0.0,100.0,0.0,0.0,0.0
2020-02-18,1,0,0,1,0,0,0,0,0.0,0.0,100.0,0.0,0.0,0.0
2020-02-19,1,0,0,1,0,0,0,0,0.0,0.0,100.0,0.0,0.0,0.0
2020-02-20,1,0,0,1,0,0,0,0,0.0,0.0,100.0,0.0,0.0,0.0
2020-02-21,1,0,0,1,0,0,0,0,0.0,0.0,100.0,0.0,0.0,0.0
2020-02-22,1,0,0,1,0,0,0,0,0.0,0.0,100.0,0.0,0.0,0.0
2020-02-23,1,0,0,1,0,0,0,0,0.0,0.0,100.0,0.0,0.0,0.0
2020-02-24,1,0,0,1,0,0,0,0,0.0,0.0,100.0,0.0,0.0,0.0
2020-02-25,1,0,0,1,0,0,0,0,0.0,0.0,100.0,0.0,0.0,0.0
2020-02-26,2,0,0,2,1,0,0,1,0.0,0.0,100.0,0.0,0.0,0.0
2020-02-27,7,0,0,7,5,0,0,5,0.0,0.0,100.0,0.0,0.0,0.0
2020-02-28,7,0,0,7,0,0,0,0,0.0,0.0,100.0,0.0,0.0,0.0
2020-02-29,12,0,0,12,5,0,0,5,0.0,0.0,100.0,0.0,0.0,0.0
2020-03-01,14,0,0,14,2,0,0,2,0.0,0.0,100.0,0.0,0.0,0.0
2020-03-02,15,0,0,15,1,0,0,1,0.0,0.0,100.0,0.0,0.0,0.0
2020-03-03,21,0,0,21,6,0,0,6,0.0,0.0,100.0,0.0,0.0,0.0
2020-03-04,35,0,0,35,14,0,0,14,0.0,0.0,100.0,0.0,0.0,0.0
2020-03-05,94,0,0,94,59,0,0,59,0.0,0.0,100.0,0.0,0.0,0.0
2020-03-06,101,0,0,101,7,0,0,7,0.0,0.0,100.0,0.0,0.0,0.0
2020-03-07,161,0,0,161,60,0,0,60,0.0,0.0,100.0,0.0,0.0,0.0
2020-03-08,203,0,0,203,42,0,0,42,0.0,0.0,100.0,0.0,0.0,0.0
2020-03-09,248,0,1,247,45,0,1,44,0.0,0.4032,99.5968,0.0,0.4032,-0.4031999999999982
2020-03-10,355,0,1,354,107,0,0,107,0.0,0.2817,99.7183,0.0,-0.1215,0.1214999999999975
2020-03-11,500,1,1,498,145,1,0,144,0.2,0.2,99.6,0.2,-0.0817,-0.11830000000000496
2020-03-12,599,1,1,597,99,0,0,99,0.1669,0.1669,99.6661,-0.03310000000000002,-0.03310000000000002,0.06610000000000582
2020-03-13,814,1,1,812,215,0,0,215,0.1229,0.1229,99.7543,-0.044,-0.044,0.0882000000000005
2020-03-14,961,2,1,958,147,1,0,146,0.2081,0.1041,99.6878,0.08520000000000001,-0.018799999999999997,-0.06650000000000489
2020-03-15,1022,3,1,1018,61,1,0,60,0.2935,0.0978,99.6086,0.08539999999999998,-0.0063,-0.07920000000000016
2020-03-16,1103,6,1,1096,81,3,0,78,0.544,0.0907,99.3654,0.25050000000000006,-0.007099999999999995,-0.24320000000000164
2020-03-17,1190,7,1,1182,87,1,0,86,0.5882,0.084,99.3277,0.044199999999999906,-0.006699999999999998,-0.037700000000000955
2020-03-18,1279,10,1,1268,89,3,0,86,0.7819,0.0782,99.14,0.1937000000000001,-0.0058,-0.18769999999999243
2020-03-19,1439,11,16,1412,160,1,15,144,0.7644,1.1119,98.1237,-0.01750000000000007,1.0337,-1.016300000000001
2020-03-20,1639,16,16,1607,200,5,0,195,0.9762,0.9762,98.0476,0.2118,-0.13570000000000015,-0.07609999999999673
2020-03-21,1763,20,16,1727,124,4,0,120,1.1344,0.9075,97.958,0.15820000000000012,-0.06869999999999998,-0.08960000000000434
