,Total Confirmed,Total Deaths,Total Recovered,Total Active,Change in Confirmed,Change in Deaths,Change in Recovered,Change in Active,Total Mortality_Rate,Total Recovery_Rate,Total Activity_Rate,Change in Mortality_Rate,Change in Recovery_Rate,Change in Activity_Rate
2020-01-22,0,0,0,0,0,0,0,0,0.0,0.0,0.0,0.0,0.0,0.0
2020-01-23,1,0,0,1,1,0,0,1,0.0,0.0,100.0,0.0,0.0,100.0
2020-01-24,3,0,0,3,2,0,0,2,0.0,0.0,100.0,0.0,0.0,0.0
2020-01-25,3,0,0,3,0,0,0,0,0.0,0.0,100.0,0.0,0.0,0.0
2020-01-26,4,0,0,4,1,0,0,1,0.0,0.0,100.0,0.0,0.0,0.0
2020-01-27,5,0,0,5,1,0,0,1,0.0,0.0,100.0,0.0,0.0,0.0
2020-01-28,7,0,0,7,2,0,0,2,0.0,0.0,100.0,0.0,0.0,0.0
2020-01-29,7,0,0,7,0,0,0,0,0.0,0.0,100.0,0.0,0.0,0.0
2020-01-30,10,0,0,10,3,0,0,3,0.0,0.0,100.0,0.0,0.0,0.0
2020-01-31,13,0,0,13,3,0,0,3,0.0,0.0,100.0,0.0,0.0,0.0
2020-02-01,16,0,0,16,3,0,0,3,0.0,0.0,100.0,0.0,0.0,0.0
2020-02-02,18,0,0,18,2,0,0,2,0.0,0.0,100.0,0.0,0.0,0.0
2020-02-03,18,0,0,18,0,0,0,0,0.0,0.0,100.0,0.0,0.0,0.0
2020-02-04,24,0,0,24,6,0,0,6,0.0,0.0,100.0,0.0,0.0,0.0
2020-02-05,28,0,0,28,4,0,0,4,0.0,0.0,100.0,0.0,0.0,0.0
2020-02-06,28,0,0,28,0,0,0,0,0.0,0.0,100.0,0.0,0.0,0.0
2020-02-07,30,0,0,30,2,0,0,2,0.0,0.0,100.0,0.0,0.0,0.0
2020-02-08,33,0,2,31,3,0,2,1,0.0,6.0606,93.9394,0.0,6.0606,-6.060599999999994
2020-02-09,40,0,2,38,7,0,0,7,0.0,5.0,95.0,0.0,-1.0606,1.0605999999999938
2020-02-10,45,0,2,43,5,0,0,5,0.0,4.4444,95.5556,0.0,-0.5556000000000001,0.5555999999999983
2020-02-11,47,0,9,38,2,0,7,-5,0.0,19.1489,80.8511,0.0,14.704500000000001,-14.704499999999996
2020-02-12,50,0,15,35,3,0,6,-3,0.0,30.0,70.0,0.0,10.851099999999999,-10.851100000000002
2020-02-13,58,0,15,43,8,0,0,8,0.0,25.8621,74.1379,0.0,-4.137899999999998,4.137900000000002
2020-02-14,67,0,17,50,9,0,2,7,0.0,25.3731,74.6269,0.0,-0.48900000000000077,0.4890000000000043
2020-02-15,72,0,18,54,5,0,1,4,0.0,25.0,75.0,0.0,-0.3731000000000009,0.37309999999999377
2020-02-16,75,0,18,57,3,0,0,3,0.0,24.0,76.0,0.0,-1.0,1.0
2020-02-17,77,0,24,53,2,0,6,-4,0.0,31.1688,68.8312,0.0,7.168800000000001,-7.1688000000000045
2020-02-18,81,0,29,52,4,0,5,-1,0.0,35.8025,64.1975,0.0,4.633700000000001,-4.63369999999999
2020-02-19,84,0,34,50,3,0,5,-2,0.0,40.4762,59.5238,0.0,4.673699999999997,-4.673700000000004
2020-02-20,84,0,34,50,0,0,0,0,0.0,40.4762,59.5238,0.0,0.0,0.0
2020-02-21,85,0,37,48,1,0,3,-2,0.0,43.5294,56.4706,0.0,3.053200000000004,-3.053200000000004
2020-02-22,85,0,37,48,0,0,0,0,0.0,43.5294,56.4706,0.0,0.0,0.0
2020-02-23,89,0,51,38,4,0,14,-10,0.0,57.3034,42.6966,0.0,13.774000000000001,-13.774000000000001
2020-02-24,89,0,51,38,0,0,0,0,0.0,57.3034,42.6966,0.0,0.0,0.0
2020-02-25,91,0,53,38,2,0,2,0,0.0,58.2418,41.7582,0.0,0.9383999999999943,-0.9383999999999943
2020-02-26,93,0,62,31,2,0,9,-7,0.0,66.6667,33.3333,0.0,8.424900000000008,-8.424900000000001
2020-02-27,93,0,62,31,0,0,0,0,0.0,66.6667,33.3333,0.0,0.0,0.0
2020-02-28,93,0,62,31,0,0,0,0,0.0,66.6667,33.3333,0.0,0.0,0.0
2020-02-29,102,0,72,30,9,0,10,-1,0.0,70.5882,29.4118,0.0,3.9214999999999947,-3.9215000000000018
2020-03-01,106,0,72,34,4,0,0,4,0.0,67.9245,32.0755,0.0,-2.6637000000000057,2.6636999999999986
2020-03-02,108,0,78,30,2,0,6,-4,0.0,72.2222,27.7778,0.0,4.297700000000006,-4.297699999999999
2020-03-03,110,0,78,32,2,0,0,2,0.0,70.9091,29.0909,0.0,-1.3131000000000057,1.3131000000000022
2020-03-04,110,0,78,32,0,0,0,0,0.0,70.9091,29.0909,0.0,0.0,0.0
2020-03-05,117,0,78,39,7,0,0,7,0.0,66.6667,33.3333,0.0,-4.242399999999989,4.2424
2020-03-06,130,0,78,52,13,0,0,13,0.0,60.0,40.0,0.0,-6.666700000000006,6.666699999999999
2020-03-07,138,0,78,60,8,0,0,8,0.0,56.5217,43.4783,0.0,-3.4782999999999973,3.4782999999999973
2020-03-08,150,0,78,72,12,0,0,12,0.0,52.0,48.0,0.0,-4.521700000000003,4.521700000000003
2020-03-09,150,0,78,72,0,0,0,0,0.0,52.0,48.0,0.0,0.0,0.0
2020-03-10,160,0,78,82,10,0,0,10,0.0,48.75,51.25,0.0,-3.25,3.25
2020-03-11,178,0,96,82,18,0,18,0,0.0,53.9326,46.0674,0.0,5.182600000000001,-5.182600000000001
2020-03-12,178,0,96,82,0,0,0,0,0.0,53.9326,46.0674,0.0,0.0,0.0
2020-03-13,200,0,97,103,22,0,1,21,0.0,48.5,51.5,0.0,-5.432600000000001,5.432600000000001
2020-03-14,212,0,105,107,12,0,8,4,0.0,49.5283,50.4717,0.0,1.0283000000000015,-1.0283000000000015
2020-03-15,226,0,105,121,14,0,0,14,0.0,46.4602,53.5398,0.0,-3.068100000000001,3.068100000000001
2020-03-16,243,0,109,134,17,0,4,13,0.0,44.856,55.144,0.0,-1.6041999999999987,1.6041999999999987
2020-03-17,266,0,114,152,23,0,5,18,0.0,42.8571,57.1429,0.0,-1.998899999999999,1.998899999999999
2020-03-18,313,0,114,199,47,0,0,47,0.0,36.4217,63.5783,0.0,-6.435400000000001,6.435400000000001
2020-03-19,345,0,114,231,32,0,0,32,0.0,33.0435,66.9565,0.0,-3.3781999999999996,3.3782000000000068
2020-03-20,385,0,124,261,40,0,10,30,0.0,32.2078,67.7922,0.0,-0.8357000000000028,0.8356999999999886
2020-03-21,432,2,140,290,47,2,16,29,0.463,32.4074,67.1296,0.463,0.19960000000000377,-0.6625999999999976
