,Total Confirmed,Total Deaths,Total Recovered,Total Active,Change in Confirmed,Change in Deaths,Change in Recovered,Change in Active,Total Mortality_Rate,Total Recovery_Rate,Total Activity_Rate,Change in Mortality_Rate,Change in Recovery_Rate,Change in Activity_Rate
2020-01-22,0,0,0,0,0,0,0,0,0.0,0.0,0.0,0.0,0.0,0.0
2020-01-23,0,0,0,0,0,0,0,0,0.0,0.0,0.0,0.0,0.0,0.0
2020-01-24,0,0,0,0,0,0,0,0,0.0,0.0,0.0,0.0,0.0,0.0
2020-01-25,0,0,0,0,0,0,0,0,0.0,0.0,0.0,0.0,0.0,0.0
2020-01-26,0,0,0,0,0,0,0,0,0.0,0.0,0.0,0.0,0.0,0.0
2020-01-27,0,0,0,0,0,0,0,0,0.0,0.0,0.0,0.0,0.0,0.0
2020-01-28,0,0,0,0,0,0,0,0,0.0,0.0,0.0,0.0,0.0,0.0
2020-01-29,0,0,0,0,0,0,0,0,0.0,0.0,0.0,0.0,0.0,0.0
2020-01-30,0,0,0,0,0,0,0,0,0.0,0.0,0.0,0.0,0.0,0.0
2020-01-31,2,0,0,2,2,0,0,2,0.0,0.0,100.0,0.0,0.0,100.0
2020-02-01,2,0,0,2,0,0,0,0,0.0,0.0,100.0,0.0,0.0,0.0
2020-02-02,2,0,0,2,0,0,0,0,0.0,0.0,100.0,0.0,0.0,0.0
2020-02-03,2,0,0,2,0,0,0,0,0.0,0.0,100.0,0.0,0.0,0.0
2020-02-04,2,0,0,2,0,0,0,0,0.0,0.0,100.0,0.0,0.0,0.0
2020-02-05,2,0,0,2,0,0,0,0,0.0,0.0,100.0,0.0,0.0,0.0
2020-02-06,2,0,0,2,0,0,0,0,0.0,0.0,100.0,0.0,0.0,0.0
2020-02-07,3,0,0,3,1,0,0,1,0.0,0.0,100.0,0.0,0.0,0.0
2020-02-08,3,0,0,3,0,0,0,0,0.0,0.0,100.0,0.0,0.0,0.0
2020-02-09,3,0,0,3,0,0,0,0,0.0,0.0,100.0,0.0,0.0,0.0
2020-02-10,3,0,0,3,0,0,0,0,0.0,0.0,100.0,0.0,0.0,0.0
2020-02-11,3,0,0,3,0,0,0,0,0.0,0.0,100.0,0.0,0.0,0.0
2020-02-12,3,0,0,3,0,0,0,0,0.0,0.0,100.0,0.0,0.0,0.0
2020-02-13,3,0,0,3,0,0,0,0,0.0,0.0,100.0,0.0,0.0,0.0
2020-02-14,3,0,0,3,0,0,0,0,0.0,0.0,100.0,0.0,0.0,0.0
2020-02-15,3,0,0,3,0,0,0,0,0.0,0.0,100.0,0.0,0.0,0.0
2020-02-16,3,0,0,3,0,0,0,0,0.0,0.0,100.0,0.0,0.0,0.0
2020-02-17,3,0,0,3,0,0,0,0,0.0,0.0,100.0,0.0,0.0,0.0
2020-02-18,3,0,0,3,0,0,0,0,0.0,0.0,100.0,0.0,0.0,0.0
2020-02-19,3,0,0,3,0,0,0,0,0.0,0.0,100.0,0.0,0.0,0.0
2020-02-20,3,0,0,3,0,0,0,0,0.0,0.0,100.0,0.0,0.0,0.0
2020-02-21,20,1,0,19,17,1,0,16,5.0,0.0,95.0,5.0,0.0,-5.0
2020-02-22,62,2,1,59,42,1,1,40,3.2258,1.6129,95.1613,-1.7742,1.6129,0.1612999999999971
2020-02-23,155,3,2,150,93,1,1,91,1.9355,1.2903,96.7742,-1.2903,-0.3226,1.6128999999999962
2020-02-24,229,7,1,221,74,4,-1,71,3.0568,0.4367,96.5066,1.1213,-0.8536,-0.2675999999999874
2020-02-25,322,10,1,311,93,3,0,90,3.1056,0.3106,96.5839,0.048799999999999955,-0.1261,0.07729999999999393
2020-02-26,453,12,3,438,131,2,2,127,2.649,0.6623,96.6887,-0.4565999999999999,0.3517,0.10479999999999734
2020-02-27,655,17,45,593,202,5,42,155,2.5954,6.8702,90.5344,-0.05359999999999987,6.2078999999999995,-6.154299999999992
2020-02-28,888,21,46,821,233,4,1,228,2.3649,5.1802,92.455,-0.23050000000000015,-1.6899999999999995,1.9205999999999932
2020-02-29,1128,29,46,1053,240,8,0,232,2.5709,4.078,93.3511,0.20599999999999996,-1.1021999999999998,0.8961000000000041
2020-03-01,1694,34,83,1577,566,5,37,524,2.0071,4.8996,93.0933,-0.5638000000000001,0.8216000000000001,-0.25780000000000314
2020-03-02,2036,52,149,1835,342,18,66,258,2.554,7.3183,90.1277,0.5468999999999999,2.4186999999999994,-2.965599999999995
2020-03-03,2502,79,160,2263,466,27,11,428,3.1575,6.3949,90.4476,0.6035000000000004,-0.9234,0.31989999999998986
2020-03-04,3089,107,276,2706,587,28,116,443,3.4639,8.9349,87.6012,0.3064,2.540000000000001,-2.8463999999999885
2020-03-05,3858,148,414,3296,769,41,138,590,3.8362,10.7309,85.4329,0.37229999999999963,1.7959999999999994,-2.168300000000002
2020-03-06,4636,197,523,3916,778,49,109,620,4.2494,11.2813,84.4694,0.4131999999999998,0.5503999999999998,-0.9635000000000105
2020-03-07,5883,233,589,5061,1247,36,66,1145,3.9606,10.0119,86.0275,-0.2887999999999997,-1.2693999999999992,1.5581000000000103
2020-03-08,7375,366,622,6387,1492,133,33,1326,4.9627,8.4339,86.6034,1.0021,-1.5780000000000012,0.5758999999999901
2020-03-09,9172,463,724,7985,1797,97,102,1598,5.048,7.8936,87.0584,0.08530000000000015,-0.5402999999999993,0.4550000000000125
2020-03-10,10149,631,724,8794,977,168,0,809,6.2174,7.1337,86.6489,1.1693999999999996,-0.7599,-0.4095000000000084
2020-03-11,12462,827,1045,10590,2313,196,321,1796,6.6362,8.3855,84.9783,0.41880000000000006,1.2518000000000002,-1.6705999999999932
2020-03-12,12462,827,1045,10590,0,0,0,0,6.6362,8.3855,84.9783,0.0,0.0,0.0
2020-03-13,17660,1266,1439,14955,5198,439,394,4365,7.1687,8.1484,84.6829,0.5325000000000006,-0.23709999999999987,-0.2954000000000008
2020-03-14,21157,1441,1966,17750,3497,175,527,2795,6.811,9.2924,83.8966,-0.35770000000000035,1.1440000000000001,-0.7862999999999971
2020-03-15,24747,1809,2335,20603,3590,368,369,2853,7.31,9.4355,83.2545,0.49899999999999967,0.14309999999999867,-0.6421000000000134
2020-03-16,27980,2158,2749,23073,3233,349,414,2470,7.7127,9.8249,82.4625,0.4027000000000003,0.3894000000000002,-0.7919999999999874
2020-03-17,31506,2503,2941,26062,3526,345,192,2989,7.9445,9.3347,82.7208,0.23179999999999978,-0.49019999999999975,0.2582999999999913
2020-03-18,35713,2978,4025,28710,4207,475,1084,2648,8.3387,11.2704,80.3909,0.39419999999999966,1.9357000000000006,-2.329899999999995
2020-03-19,41035,3405,4440,33190,5322,427,415,4480,8.2978,10.82,80.8822,-0.040899999999998826,-0.45040000000000013,0.4912999999999954
2020-03-20,47021,4032,4440,38549,5986,627,0,5359,8.5749,9.4426,81.9825,0.277099999999999,-1.3773999999999997,1.1003000000000043
2020-03-21,53578,4825,6072,42681,6557,793,1632,4132,9.0056,11.333,79.6614,0.43069999999999986,1.8903999999999996,-2.3211000000000013
