,Total Confirmed,Total Deaths,Total Recovered,Total Active,Change in Confirmed,Change in Deaths,Change in Recovered,Change in Active,Total Mortality_Rate,Total Recovery_Rate,Total Activity_Rate,Change in Mortality_Rate,Change in Recovery_Rate,Change in Activity_Rate
2020-01-22,2,0,0,2,0,0,0,0,0.0,0.0,100.0,0.0,0.0,0.0
2020-01-23,3,0,0,3,1,0,0,1,0.0,0.0,100.0,0.0,0.0,0.0
2020-01-24,5,0,0,5,2,0,0,2,0.0,0.0,100.0,0.0,0.0,0.0
2020-01-25,7,0,0,7,2,0,0,2,0.0,0.0,100.0,0.0,0.0,0.0
2020-01-26,8,0,2,6,1,0,2,-1,0.0,25.0,75.0,0.0,25.0,-25.0
2020-01-27,8,0,2,6,0,0,0,0,0.0,25.0,75.0,0.0,0.0,0.0
2020-01-28,14,0,5,9,6,0,3,3,0.0,35.7143,64.2857,0.0,10.714300000000001,-10.714299999999994
2020-01-29,14,0,5,9,0,0,0,0,0.0,35.7143,64.2857,0.0,0.0,0.0
2020-01-30,14,0,5,9,0,0,0,0,0.0,35.7143,64.2857,0.0,0.0,0.0
2020-01-31,19,0,5,14,5,0,0,5,0.0,26.3158,73.6842,0.0,-9.398500000000002,9.398499999999999
2020-02-01,19,0,5,14,0,0,0,0,0.0,26.3158,73.6842,0.0,0.0,0.0
2020-02-02,19,0,5,14,0,0,0,0,0.0,26.3158,73.6842,0.0,0.0,0.0
2020-02-03,19,0,5,14,0,0,0,0,0.0,26.3158,73.6842,0.0,0.0,0.0
2020-02-04,25,0,5,20,6,0,0,6,0.0,20.0,80.0,0.0,-6.315799999999999,6.315799999999996
2020-02-05,25,0,5,20,0,0,0,0,0.0,20.0,80.0,0.0,0.0,0.0
2020-02-06,25,0,5,20,0,0,0,0,0.0,20.0,80.0,0.0,0.0,0.0
2020-02-07,25,0,5,20,0,0,0,0,0.0,20.0,80.0,0.0,0.0,0.0
2020-02-08,32,0,10,22,7,0,5,2,0.0,31.25,68.75,0.0,11.25,-11.25
2020-02-09,32,0,10,22,0,0,0,0,0.0,31.25,68.75,0.0,0.0,0.0
2020-02-10,32,0,10,22,0,0,0,0,0.0,31.25,68.75,0.0,0.0,0.0
2020-02-11,33,0,10,23,1,0,0,1,0.0,30.303,69.697,0.0,-0.9469999999999992,0.9470000000000027
2020-02-12,33,0,10,23,0,0,0,0,0.0,30.303,69.697,0.0,0.0,0.0
2020-02-13,33,0,12,21,0,0,2,-2,0.0,36.3636,63.6364,0.0,6.060599999999997,-6.060600000000001
2020-02-14,33,0,12,21,0,0,0,0,0.0,36.3636,63.6364,0.0,0.0,0.0
2020-02-15,33,0,12,21,0,0,0,0,0.0,36.3636,63.6364,0.0,0.0,0.0
2020-02-16,34,0,14,20,1,0,2,-1,0.0,41.1765,58.8235,0.0,4.812899999999999,-4.812899999999999
2020-02-17,35,0,15,20,1,0,1,0,0.0,42.8571,57.1429,0.0,1.6806000000000054,-1.6806000000000054
2020-02-18,35,0,15,20,0,0,0,0,0.0,42.8571,57.1429,0.0,0.0,0.0
2020-02-19,35,0,15,20,0,0,0,0,0.0,42.8571,57.1429,0.0,0.0,0.0
2020-02-20,35,0,15,20,0,0,0,0,0.0,42.8571,57.1429,0.0,0.0,0.0
2020-02-21,35,0,17,18,0,0,2,-2,0.0,48.5714,51.4286,0.0,5.714299999999994,-5.714299999999994
2020-02-22,35,0,17,18,0,0,0,0,0.0,48.5714,51.4286,0.0,0.0,0.0
2020-02-23,35,0,21,14,0,0,4,-4,0.0,60.0,40.0,0.0,11.428600000000003,-11.428600000000003
2020-02-24,35,0,21,14,0,0,0,0,0.0,60.0,40.0,0.0,0.0,0.0
2020-02-25,37,0,22,15,2,0,1,1,0.0,59.4595,40.5405,0.0,-0.5405000000000015,0.5405000000000015
2020-02-26,40,0,22,18,3,0,0,3,0.0,55.0,45.0,0.0,-4.4594999999999985,4.4594999999999985
2020-02-27,40,0,22,18,0,0,0,0,0.0,55.0,45.0,0.0,0.0,0.0
2020-02-28,41,0,28,13,1,0,6,-5,0.0,68.2927,31.7073,0.0,13.292699999999996,-13.2927
2020-02-29,42,0,28,14,1,0,0,1,0.0,66.6667,33.3333,0.0,-1.6259999999999906,1.6260000000000012
2020-03-01,42,1,28,13,0,1,0,-1,2.381,66.6667,30.9524,2.381,0.0,-2.3809000000000005
2020-03-02,43,1,31,11,1,0,3,-2,2.3256,72.093,25.5814,-0.05539999999999967,5.426299999999998,-5.371000000000002
2020-03-03,43,1,31,11,0,0,0,0,2.3256,72.093,25.5814,0.0,0.0,0.0
2020-03-04,43,1,31,11,0,0,0,0,2.3256,72.093,25.5814,0.0,0.0,0.0
2020-03-05,47,1,31,15,4,0,0,4,2.1277,65.9574,31.9149,-0.1979000000000002,-6.135599999999997,6.333500000000001
2020-03-06,48,1,31,16,1,0,0,1,2.0833,64.5833,33.3333,-0.044399999999999995,-1.3741000000000128,1.4184000000000019
2020-03-07,50,1,31,18,2,0,0,2,2.0,62.0,36.0,-0.08329999999999993,-2.583299999999994,2.6666999999999987
2020-03-08,50,1,31,18,0,0,0,0,2.0,62.0,36.0,0.0,0.0,0.0
2020-03-09,50,1,31,18,0,0,0,0,2.0,62.0,36.0,0.0,0.0,0.0
2020-03-10,53,1,33,19,3,0,2,1,1.8868,62.2642,35.8491,-0.11319999999999997,0.26420000000000243,-0.15090000000000003
2020-03-11,59,1,34,24,6,0,1,5,1.6949,57.6271,40.678,-0.19189999999999996,-4.637100000000004,4.828899999999997
2020-03-12,70,1,34,35,11,0,0,11,1.4286,48.5714,50.0,-0.2663,-9.055700000000002,9.322000000000003
2020-03-13,75,1,35,39,5,0,1,4,1.3333,46.6667,52.0,-0.09530000000000016,-1.9046999999999983,2.0
2020-03-14,82,1,35,46,7,0,0,7,1.2195,42.6829,56.0976,-0.1137999999999999,-3.9838000000000022,4.0976
2020-03-15,114,1,35,78,32,0,0,32,0.8772,30.7018,68.4211,-0.34230000000000005,-11.981099999999998,12.323499999999996
2020-03-16,147,1,35,111,33,0,0,33,0.6803,23.8095,75.5102,-0.19689999999999996,-6.892299999999999,7.089100000000002
2020-03-17,177,1,41,135,30,0,6,24,0.565,23.1638,76.2712,-0.11530000000000007,-0.6457000000000015,0.7609999999999957
2020-03-18,212,1,42,169,35,0,1,34,0.4717,19.8113,79.717,-0.09329999999999994,-3.352499999999999,3.4458000000000055
2020-03-19,272,1,42,229,60,0,0,60,0.3676,15.4412,84.1912,-0.10410000000000003,-4.370099999999999,4.474199999999996
2020-03-20,322,1,42,279,50,0,0,50,0.3106,13.0435,86.646,-0.056999999999999995,-2.3977000000000004,2.454800000000006
2020-03-21,411,1,42,368,89,0,0,89,0.2433,10.219,89.5377,-0.0673,-2.8245000000000005,2.8917
