,Total Confirmed,Total Deaths,Total Recovered,Total Active,Change in Confirmed,Change in Deaths,Change in Recovered,Change in Active,Total Mortality_Rate,Total Recovery_Rate,Total Activity_Rate,Change in Mortality_Rate,Change in Recovery_Rate,Change in Activity_Rate
2020-01-22,1,0,0,1,0,0,0,0,0.0,0.0,100.0,0.0,0.0,0.0
2020-01-23,1,0,0,1,0,0,0,0,0.0,0.0,100.0,0.0,0.0,0.0
2020-01-24,3,0,0,3,2,0,0,2,0.0,0.0,100.0,0.0,0.0,0.0
2020-01-25,3,0,0,3,0,0,0,0,0.0,0.0,100.0,0.0,0.0,0.0
2020-01-26,4,0,0,4,1,0,0,1,0.0,0.0,100.0,0.0,0.0,0.0
2020-01-27,5,0,0,5,1,0,0,1,0.0,0.0,100.0,0.0,0.0,0.0
2020-01-28,8,0,0,8,3,0,0,3,0.0,0.0,100.0,0.0,0.0,0.0
2020-01-29,8,0,0,8,0,0,0,0,0.0,0.0,100.0,0.0,0.0,0.0
2020-01-30,9,0,0,9,1,0,0,1,0.0,0.0,100.0,0.0,0.0,0.0
2020-01-31,10,0,0,10,1,0,0,1,0.0,0.0,100.0,0.0,0.0,0.0
2020-02-01,10,0,0,10,0,0,0,0,0.0,0.0,100.0,0.0,0.0,0.0
2020-02-02,10,0,0,10,0,0,0,0,0.0,0.0,100.0,0.0,0.0,0.0
2020-02-03,10,0,0,10,0,0,0,0,0.0,0.0,100.0,0.0,0.0,0.0
2020-02-04,11,0,0,11,1,0,0,1,0.0,0.0,100.0,0.0,0.0,0.0
2020-02-05,11,0,0,11,0,0,0,0,0.0,0.0,100.0,0.0,0.0,0.0
2020-02-06,16,0,1,15,5,0,1,4,0.0,6.25,93.75,0.0,6.25,-6.25
2020-02-07,16,0,1,15,0,0,0,0,0.0,6.25,93.75,0.0,0.0,0.0
2020-02-08,17,0,1,16,1,0,0,1,0.0,5.8824,94.1176,0.0,-0.36760000000000037,0.36759999999999593
2020-02-09,18,0,1,17,1,0,0,1,0.0,5.5556,94.4444,0.0,-0.32679999999999954,0.32680000000000575
2020-02-10,18,0,1,17,0,0,0,0,0.0,5.5556,94.4444,0.0,0.0,0.0
2020-02-11,18,0,1,17,0,0,0,0,0.0,5.5556,94.4444,0.0,0.0,0.0
2020-02-12,18,0,1,17,0,0,0,0,0.0,5.5556,94.4444,0.0,0.0,0.0
2020-02-13,18,0,1,17,0,0,0,0,0.0,5.5556,94.4444,0.0,0.0,0.0
2020-02-14,18,0,2,16,0,0,1,-1,0.0,11.1111,88.8889,0.0,5.5555,-5.555499999999995
2020-02-15,18,0,2,16,0,0,0,0,0.0,11.1111,88.8889,0.0,0.0,0.0
2020-02-16,20,1,2,17,2,1,0,1,5.0,10.0,85.0,5.0,-1.1111000000000004,-3.8889000000000067
2020-02-17,22,1,2,19,2,0,0,2,4.5455,9.0909,86.3636,-0.45450000000000035,-0.9091000000000005,1.3636000000000053
2020-02-18,22,1,2,19,0,0,0,0,4.5455,9.0909,86.3636,0.0,0.0,0.0
2020-02-19,23,1,2,20,1,0,0,1,4.3478,8.6957,86.9565,-0.19769999999999932,-0.3951999999999991,0.5929000000000002
2020-02-20,24,1,2,21,1,0,0,1,4.1667,8.3333,87.5,-0.1811000000000007,-0.36240000000000094,0.5434999999999945
2020-02-21,26,1,2,23,2,0,0,2,3.8462,7.6923,88.4615,-0.32049999999999956,-0.6409999999999991,0.9615000000000009
2020-02-22,26,1,2,23,0,0,0,0,3.8462,7.6923,88.4615,0.0,0.0,0.0
2020-02-23,28,1,2,25,2,0,0,2,3.5714,7.1429,89.2857,-0.27479999999999993,-0.5494000000000003,0.8242000000000047
2020-02-24,30,1,5,24,2,0,3,-1,3.3333,16.6667,80.0,-0.2381000000000002,9.523799999999998,-9.285700000000006
2020-02-25,31,1,5,25,1,0,0,1,3.2258,16.129,80.6452,-0.10749999999999993,-0.5376999999999974,0.6452000000000027
2020-02-26,32,1,5,26,1,0,0,1,3.125,15.625,81.25,-0.1008,-0.5040000000000013,0.6047999999999973
2020-02-27,32,1,5,26,0,0,0,0,3.125,15.625,81.25,0.0,0.0,0.0
2020-02-28,34,1,6,27,2,0,1,1,2.9412,17.6471,79.4118,-0.18380000000000019,2.0220999999999982,-1.8382000000000005
2020-02-29,39,1,9,29,5,0,3,2,2.5641,23.0769,74.359,-0.3771,5.4298,-5.052800000000005
2020-03-01,40,1,9,30,1,0,0,1,2.5,22.5,75.0,-0.06409999999999982,-0.5768999999999984,0.6410000000000053
2020-03-02,41,1,12,28,1,0,3,-2,2.439,29.2683,68.2927,-0.06099999999999994,6.7683,-6.707300000000004
2020-03-03,42,1,12,29,1,0,0,1,2.381,28.5714,69.0476,-0.058000000000000274,-0.6968999999999994,0.7549000000000063
2020-03-04,42,1,12,29,0,0,0,0,2.381,28.5714,69.0476,0.0,0.0,0.0
2020-03-05,44,1,12,31,2,0,0,2,2.2727,27.2727,70.4545,-0.10829999999999984,-1.2987000000000002,1.4068999999999932
2020-03-06,45,1,12,32,1,0,0,1,2.2222,26.6667,71.1111,-0.05049999999999999,-0.6060000000000016,0.6565999999999974
2020-03-07,45,1,12,32,0,0,0,0,2.2222,26.6667,71.1111,0.0,0.0,0.0
2020-03-08,45,1,13,31,0,0,1,-1,2.2222,28.8889,68.8889,0.0,2.222200000000001,-2.2221999999999866
2020-03-09,45,1,15,29,0,0,2,-2,2.2222,33.3333,64.4444,0.0,4.444400000000002,-4.444500000000005
2020-03-10,47,1,17,29,2,0,2,0,2.1277,36.1702,61.7021,-0.09450000000000003,2.8369,-2.7423
2020-03-11,48,1,17,30,1,0,0,1,2.0833,35.4167,62.5,-0.044399999999999995,-0.7535000000000025,0.7978999999999985
2020-03-12,49,1,20,28,1,0,3,-2,2.0408,40.8163,57.1429,-0.04249999999999998,5.3995999999999995,-5.357100000000003
2020-03-13,50,1,20,29,1,0,0,1,2.0,40.0,58.0,-0.04079999999999995,-0.8162999999999982,0.8571000000000026
2020-03-14,53,1,20,32,3,0,0,3,1.8868,37.7358,60.3774,-0.11319999999999997,-2.2642000000000024,2.3774000000000015
2020-03-15,59,1,20,38,6,0,0,6,1.6949,33.8983,64.4068,-0.19189999999999996,-3.8374999999999986,4.0294000000000025
2020-03-16,67,1,20,46,8,0,0,8,1.4925,29.8507,68.6567,-0.20240000000000014,-4.047599999999999,4.249899999999997
2020-03-17,77,1,22,54,10,0,2,8,1.2987,28.5714,70.1299,-0.19379999999999997,-1.2792999999999992,1.4732000000000056
2020-03-18,100,1,22,77,23,0,0,23,1.0,22.0,77.0,-0.29869999999999997,-6.571400000000001,6.870099999999994
2020-03-19,108,1,26,81,8,0,4,4,0.9259,24.0741,75.0,-0.07410000000000005,2.0741000000000014,-2.0
2020-03-20,135,2,26,107,27,1,0,26,1.4815,19.2593,79.2593,0.5556000000000001,-4.814800000000002,4.259299999999996
2020-03-21,153,2,28,123,18,0,2,16,1.3072,18.3007,80.3922,-0.17430000000000012,-0.9586000000000006,1.1329000000000065
